<HTML><HEAD>
<TITLE>Access Denied</TITLE>
</HEAD><BODY>
<H1>Access Denied</H1>
 
You don't have permission to access "http&#58;&#47;&#47;archives&#46;nseindia&#46;com&#47;archives&#47;equities&#47;mto&#47;MTO&#95;13012002&#46;DAT" on this server.<P>
Reference&#32;&#35;18&#46;9b722c31&#46;1605519377&#46;45e7a31
</BODY>
</HTML>
