Security Wise Delivery Position - Compulsory Rolling Settlement
10,MTO,07112005,113096820,0000737
Trade Date <07-NOV-2005>,Settlement Type <N>,Settlement No <2005211>,Settlement Date <09-NOV-2005>
Record Type,Sr No,Name of Security,Quantity Traded,Deliverable Quantity(gross across client level),% of Deliverable Quantity to Traded Quantity
20,1,3IINFOTECH,EQ,291497,110115,37.78
20,2,3MINDIA,EQ,766,690,90.08
20,3,AARTIIND,EQ,25427,20899,82.19
20,4,ABANLOYD,EQ,10076,8542,84.78
20,5,ABB,EQ,124159,93455,75.27
20,6,ABSHEKINDS,EQ,376590,128597,34.15
20,7,ACC,EQ,678603,341855,50.38
20,8,ADANIEXPO,EQ,420777,21287,5.06
20,9,ADLABSFILM,EQ,140965,27998,19.86
20,10,ADORWELD,EQ,251512,76826,30.55
20,11,AEGISCHEM,EQ,37100,21146,57.00
20,12,AFTEKINFO,EQ,1490341,568509,38.15
20,13,AGRODUTCH,EQ,74165,31048,41.86
20,14,AHMEDFORGE,EQ,8861,6995,78.94
20,15,AJANTPHARM,EQ,10774,6979,64.78
20,16,AKSHOPTFBR,EQ,43921,33027,75.20
20,17,ALBK,EQ,597520,382965,64.09
20,18,ALEMBICLTD,EQ,62022,55711,89.82
20,19,ALFALAVAL,EQ,5104,5046,98.86
20,20,ALLSEC,EQ,36752,13953,37.97
20,21,ALOKTEXT,EQ,1121937,480735,42.85
20,22,ALPSINDUS,EQ,100858,32051,31.78
20,23,AMAR,EQ,1044824,290170,27.77
20,24,AMBICAAGAR,EQ,17850,10500,58.82
20,25,AMTEKAUTO,EQ,150468,100147,66.56
20,26,AMTEKINDIA,EQ,370747,251553,67.85
20,27,ANDHRABANK,EQ,493892,157032,31.79
20,28,ANDHRSUGAR,EQ,57298,34271,59.81
20,29,ANTGRAPHIC,EQ,17606,13426,76.26
20,30,APARINDS,EQ,2427,1920,79.11
20,31,APCOTEXLAT,EQ,1615,1310,81.11
20,32,APIL,EQ,46510,21424,46.06
20,33,APOLLOHOSP,EQ,186499,124809,66.92
20,34,APOLLOTYRE,EQ,38251,30678,80.20
20,35,APPAPER,EQ,4216,2988,70.87
20,36,APTECHT,EQ,3266927,642229,19.66
20,37,ARCHIES,EQ,11571,7083,61.21
20,38,ARSBONDS,N1,26092,25992,99.62
20,39,ARVINDMILL,EQ,2066331,802005,38.81
20,40,ASAHIINDIA,EQ,120429,85693,71.16
20,41,ASAL,EQ,5810,5260,90.53
20,42,ASHAPURMIN,EQ,1200,757,63.08
20,43,ASHOKLEY,EQ,2577867,1357514,52.66
20,44,ASIANHOTEL,EQ,279,279,100.00
20,45,ASIANPAINT,EQ,54110,49588,91.64
20,46,ASIL,EQ,12713,11452,90.08
20,47,ASTRAIDL,EQ,23,19,82.61
20,48,ASTRAMICRO,EQ,61837,39602,64.04
20,49,ATFL,EQ,83902,30090,35.86
20,50,ATNINT,EQ,108701,80057,73.65
20,51,ATUL,EQ,19909,14624,73.45
20,52,AURIONPRO,EQ,816086,37172,4.55
20,53,AUROPHARMA,EQ,54185,30382,56.07
20,54,AUTOAXLES,EQ,3176,3056,96.22
20,55,AVAYAGCL,EQ,17528,16007,91.32
20,56,AVENTIS,EQ,22801,21851,95.83
20,57,AZTEC,EQ,94184,41499,44.06
20,58,BAGFILMS,EQ,180579,103991,57.59
20,59,BAGYAMETAL,EQ,49195,29350,59.66
20,60,BAJAJAUTO,EQ,119349,68946,57.77
20,61,BAJAJHIND,EQ,281707,206651,73.36
20,62,BAJAUTOFIN,EQ,2016,1746,86.61
20,63,BALAJITELE,EQ,71829,54722,76.18
20,64,BALASPONGE,EQ,121639,114525,94.15
20,65,BALASTEELS,EQ,113799,93048,81.77
20,66,BALMLAWRIE,EQ,8136,7876,96.80
20,67,BALRAMCHIN,EQ,1142773,532124,46.56
20,68,BANARISUG,EQ,1786,1332,74.58
20,69,BANKBARODA,EQ,182303,59183,32.46
20,70,BANKINDIA,EQ,529909,137461,25.94
20,71,BANKRAJAS,EQ,275561,112035,40.66
20,72,BASF,EQ,8490,6179,72.78
20,73,BATAINDIA,EQ,180833,95388,52.75
20,74,BBTC,EQ,1588,889,55.98
20,75,BEL,EQ,40148,19394,48.31
20,76,BELCERAMIC,EQ,136012,89282,65.64
20,77,BEML,EQ,44274,22590,51.02
20,78,BEPL,EQ,113870,110362,96.92
20,79,BERGEPAINT,EQ,178306,124843,70.02
20,80,BGFL,EQ,10660,10614,99.57
20,81,BHARATFORG,EQ,219448,141254,64.37
20,82,BHARATGEAR,EQ,7613,6216,81.65
20,83,BHARTI,EQ,792896,252377,31.83
20,84,BHARTISHIP,EQ,85704,45518,53.11
20,85,BHEL,EQ,210673,86253,40.94
20,86,BHUSANSTL,EQ,90767,23568,25.97
20,87,BIL,EQ,21828,12616,57.80
20,88,BILT,EQ,261589,165251,63.17
20,89,BINDALAGRO,EQ,59612,59612,100.00
20,90,BIOCON,EQ,55493,32438,58.45
20,91,BIRLAERIC,EQ,22250,12871,57.85
20,92,BIRLAJUTE,EQ,13119,10043,76.55
20,93,BLOWPLAST,EQ,2644,2578,97.50
20,94,BLUECHIP,EQ,93049,73439,78.93
20,95,BLUEDART,EQ,1360,815,59.93
20,96,BLUESTARCO,EQ,2009,1063,52.91
20,97,BLUESTINFO,EQ,4942,3101,62.75
20,98,BOC,EQ,459513,124064,27.00
20,99,BOMDYEING,EQ,244106,103393,42.36
20,100,BONGAIREFN,EQ,422014,234891,55.66
20,101,BPCL,EQ,523545,403528,77.08
20,102,BRITANNIA,EQ,15273,13703,89.72
20,103,BSCFAUG08A,EQ,153,51,33.33
20,104,BSELINFRA,EQ,188697,115250,61.08
20,105,BSL,EQ,13331,4339,32.55
20,106,CADILAHC,EQ,10357,7548,72.88
20,107,CALSOFT,EQ,3772,2268,60.13
20,108,CANBK,EQ,265246,137162,51.71
20,109,CANFINHOME,EQ,17824,13347,74.88
20,110,CARBORUNIV,EQ,59071,36526,61.83
20,111,CAROLINFO,EQ,31843,20498,64.37
20,112,CCL,EQ,3757,3471,92.39
20,113,CEAT,EQ,201976,127558,63.16
20,114,CENBNK,EQ,549936,351642,63.94
20,115,CENTENKA,EQ,37220,23901,64.22
20,116,CENTEXT,EQ,6700,6000,89.55
20,117,CENTURYTEX,EQ,1096382,535742,48.86
20,118,CESC,EQ,315519,205497,65.13
20,119,CHAMBLFERT,EQ,390634,221891,56.80
20,120,CHEMPLAST,EQ,19609,12351,62.99
20,121,CHENNPETRO,EQ,180525,120122,66.54
20,122,CHOLAINV,EQ,13921,10393,74.66
20,123,CINEVISTA,EQ,63381,32354,51.05
20,124,CIPLA,EQ,522412,280824,53.76
20,125,CLARIANT,EQ,219,203,92.69
20,126,CLASSIC,EQ,25677,15638,60.90
20,127,CMC,EQ,4015,3647,90.83
20,128,COCHINREFN,EQ,172931,115506,66.79
20,129,COLGATE,EQ,43257,22216,51.36
20,130,COMPUTECH,EQ,72386,49754,68.73
20,131,CONCOR,EQ,107095,106640,99.58
20,132,CONSCOFFEE,EQ,8019,5825,72.64
20,133,CONSOFINVT,EQ,17186,16311,94.91
20,134,COROMNFERT,EQ,6712,5607,83.54
20,135,CORPBANK,EQ,209592,177876,84.87
20,136,COSMOFILMS,EQ,5382,3302,61.35
20,137,CREWBOS,EQ,88708,65672,74.03
20,138,CRISIL,EQ,579,470,81.17
20,139,CROMPGREAV,EQ,112519,102258,90.88
20,140,CUB,EQ,42732,30578,71.56
20,141,CUMMINSIND,EQ,113720,62385,54.86
20,142,D-LINK,EQ,64734,27667,42.74
20,143,DABUR,EQ,501165,299626,59.79
20,144,DABURPHARM,EQ,83001,51686,62.27
20,145,DATATECH,EQ,32551,17310,53.18
20,146,DCHL,EQ,50698,35057,69.15
20,147,DCMSRMCONS,EQ,120450,105239,87.37
20,148,DCW,EQ,186653,123179,65.99
20,149,DEEPAKFERT,EQ,160991,92521,57.47
20,150,DENABANK,EQ,388021,241148,62.15
20,151,DEWANHOUS,EQ,83656,43998,52.59
20,152,DHAMPURSUG,EQ,656419,240462,36.63
20,153,DHARSUGAR,EQ,23085,20631,89.37
20,154,DICIND,EQ,6958,5713,82.11
20,155,DISHMAN,EQ,38795,17099,44.08
20,156,DIVISLAB,EQ,20228,9646,47.69
20,157,DREDGECORP,EQ,7533,6032,80.07
20,158,DRREDDY,EQ,410427,250626,61.06
20,159,DSKULKARNI,EQ,21963,14498,66.01
20,160,DWARKESH,EQ,21119,13206,62.53
20,161,EASTSILK,EQ,73176,39371,53.80
20,162,EASUNREYRL,EQ,21936,13081,59.63
20,163,EICHERMOT,EQ,8910,3473,38.98
20,164,EIDPARRY,EQ,72108,59602,82.66
20,165,EIHOTEL,EQ,17121,13720,80.14
20,166,EIMCOELECO,EQ,119,118,99.16
20,167,ELDERPHARM,EQ,10595,5660,53.42
20,168,ELECTCAST,EQ,6759,4920,72.79
20,169,ELGIEQUIP,EQ,32986,18796,56.98
20,170,ELGITYRE,EQ,8505,6052,71.16
20,171,EMERCK,EQ,4850,3616,74.56
20,172,ENGINERSIN,EQ,22963,12046,52.46
20,173,ESABINDIA,EQ,17048,10791,63.30
20,174,ESCORTS,EQ,1165115,323504,27.77
20,175,ESSAROIL,EQ,584907,169452,28.97
20,176,ESSELPACK,EQ,19734,14430,73.12
20,177,ESTL,EQ,390169,151925,38.94
20,178,ESTL,P1,4240,4080,96.23
20,179,ETCNET,EQ,12339,8000,64.84
20,180,EUROTEXIND,EQ,7717,6466,83.79
20,181,EVEREADY,EQ,296315,145052,48.95
20,182,EVERESTIND,EQ,4965,4942,99.54
20,183,EXCELCROP,EQ,15114,11122,73.59
20,184,EXIDEIND,EQ,23656,17253,72.93
20,185,FACT,EQ,31634,14775,46.71
20,186,FAGBEARING,EQ,11708,8478,72.41
20,187,FCSSOFT,EQ,227102,45666,20.11
20,188,FDC,EQ,109094,87339,80.06
20,189,FEDDERLOYD,EQ,14135,11329,80.15
20,190,FEDERALBNK,EQ,411836,192960,46.85
20,191,FINCABLES,EQ,13135,11033,84.00
20,192,FINPIPE,EQ,238349,129455,54.31
20,193,FIRSTLEASE,EQ,18592,15475,83.23
20,194,FLEX,EQ,200479,109766,54.75
20,195,FLEXCHEM,EQ,10743,8405,78.24
20,196,FLEXENGG,EQ,17337,12953,74.71
20,197,FOSECOIND,EQ,532,406,76.32
20,198,FOURSOFT,EQ,541443,178837,33.03
20,199,FSS,EQ,3994,3651,91.41
20,200,GABRIEL,EQ,22572,22167,98.21
20,201,GAEL,EQ,13020,7411,56.92
20,202,GAIL,EQ,1152732,529857,45.97
20,203,GAMMONIND,EQ,305311,279695,91.61
20,204,GARDENSILK,EQ,70048,35702,50.97
20,205,GDL,EQ,4245959,725324,17.08
20,206,GENUSOVERE,EQ,2532,2036,80.41
20,207,GEOINFO,EQ,13069,8428,64.49
20,208,GEOJIT,EQ,117288,54260,46.26
20,209,GEOMETRIC,EQ,118832,68490,57.64
20,210,GEORGWILIM,EQ,15189,11734,77.25
20,211,GESCOCORP,EQ,41189,29568,71.79
20,212,GESHIPPING,EQ,1147467,720598,62.80
20,213,GHCL,EQ,830130,438821,52.86
20,214,GICHSGFIN,EQ,65117,43309,66.51
20,215,GINNIFILA,EQ,62750,41790,66.60
20,216,GIPCL,EQ,102661,61577,59.98
20,217,GLAXO,EQ,13679,6992,51.11
20,218,GLENMARK,EQ,222251,155901,70.15
20,219,GLFL,EQ,17032,14321,84.08
20,220,GMDCLTD,EQ,10776,10470,97.16
20,221,GNFC,EQ,240881,86493,35.91
20,222,GODAVRFERT,EQ,1664,1346,80.89
20,223,GODFRYPHLP,EQ,899,660,73.41
20,224,GODREJCP,EQ,3044,2357,77.43
20,225,GODREJIND,EQ,20068,16578,82.61
20,226,GOETZEIND,EQ,11485,7571,65.92
20,227,GOKEX,EQ,39355,38546,97.94
20,228,GOLDIAM,EQ,33006,21320,64.59
20,229,GOODLASNER,EQ,2582,2273,88.03
20,230,GRANULES,EQ,8758,6331,72.29
20,231,GRAPHITE,EQ,3962,3520,88.84
20,232,GRASIM,EQ,556983,418122,75.07
20,233,GREAVESCOT,EQ,7716,4597,59.58
20,234,GREENPLY,EQ,32249,27751,86.05
20,235,GRUH,EQ,3991,3654,91.56
20,236,GSFC,EQ,64946,44269,68.16
20,237,GSKCONS,EQ,9293,8456,90.99
20,238,GTCIND,EQ,1658055,180387,10.88
20,239,GTL,EQ,389097,145118,37.30
20,240,GTNTEXT,EQ,14391,10132,70.41
20,241,GUFICBIO,EQ,50311,26158,51.99
20,242,GUJALKALI,EQ,217194,136210,62.71
20,243,GUJAMBCEM,EQ,5662011,3039139,53.68
20,244,GUJFLUORO,EQ,7246,4949,68.30
20,245,GUJNRECOKE,EQ,792115,239600,30.25
20,246,GUJRATGAS,EQ,3352,2981,88.93
20,247,HANILERA,EQ,44981,30343,67.46
20,248,HARRMALAYA,EQ,33736,15707,46.56
20,249,HAVELLS,EQ,17609,9588,54.45
20,250,HBSTOCK,EQ,10573,6547,61.92
20,251,HCL-INSYS,EQ,75903,51928,68.41
20,252,HCLTECH,EQ,336081,189186,56.29
20,253,HDFC,EQ,475895,354288,74.45
20,254,HDFCBANK,EQ,4984646,4775963,95.81
20,255,HEG,EQ,6515,3343,51.31
20,256,HELIOSMATH,EQ,16927,6710,39.64
20,257,HERDILCHEM,EQ,20212,8731,43.20
20,258,HERITGFOOD,EQ,45552,44615,97.94
20,259,HEROHONDA,EQ,305157,140151,45.93
20,260,HEXAWARE,EQ,454608,236261,51.97
20,261,HIKAL,EQ,1163,1065,91.57
20,262,HIMACHLFUT,EQ,4117689,1662802,40.38
20,263,HIMATSEIDE,EQ,172197,137828,80.04
20,264,HINDALC0,EQ,2543666,1170613,46.02
20,265,HINDCONS,EQ,86941,42037,48.35
20,266,HINDLEVER,EQ,1601904,998886,62.36
20,267,HINDMOTOR,EQ,1030163,418155,40.59
20,268,HINDOILEXP,EQ,301766,89643,29.71
20,269,HINDPETRO,EQ,661435,450952,68.18
20,270,HINDSANIT,EQ,15720,5372,34.17
20,271,HITECHGEAR,EQ,6634,3997,60.25
20,272,HMT,EQ,7984609,488109,6.11
20,273,HONAUT,EQ,991,894,90.21
20,274,HOTELEELA,EQ,22203,16860,75.94
20,275,HTMEDIA,EQ,33820,22187,65.60
20,276,HTMT,EQ,103061,62382,60.53
20,277,HYDRBADIND,EQ,7462,4999,66.99
20,278,I-FLEX,EQ,214814,139256,64.83
20,279,IBP,EQ,2818,2586,91.77
20,280,ICI,EQ,14405,13775,95.63
20,281,ICICIBANK,EQ,557849,175574,31.47
20,282,ICIL,EQ,10402,4319,41.52
20,283,IDBI,EQ,4798464,1865436,38.88
20,284,IDFC,EQ,3285156,2007886,61.12
20,285,IFCI,EQ,10685007,2190777,20.50
20,286,IFGLREFRAC,EQ,3804,2738,71.98
20,287,IGARASHI,EQ,4372,2602,59.52
20,288,IGFLFERT,EQ,5067,4426,87.35
20,289,IGL,EQ,144139,99560,69.07
20,290,IGS,EQ,21073,12002,56.95
20,291,IMPAL,EQ,49599,14621,29.48
20,292,IMPEXFERRO,EQ,45578,23272,51.06
20,293,INDHOTEL,EQ,27464,21839,79.52
20,294,INDIABULLS,EQ,6371453,3305287,51.88
20,295,INDIACEM,EQ,2472704,953559,38.56
20,296,INDIAGLYCO,EQ,69120,28981,41.93
20,297,INDIAINFO,EQ,285278,68179,23.90
20,298,INDIANCARD,EQ,2810,2104,74.88
20,299,INDNIPPON,EQ,2253,2041,90.59
20,300,INDOCO,EQ,1525,859,56.33
20,301,INDORAMA,EQ,42989,24557,57.12
20,302,INDORAMTEX,EQ,12033,7764,64.52
20,303,INDRAMEDCO,EQ,141262,70741,50.08
20,304,INDRAYON,EQ,13478,11954,88.69
20,305,INDSHAVING,EQ,375,202,53.87
20,306,INDSWFTLAB,EQ,50095,30671,61.23
20,307,INDSWFTLTD,EQ,33325,15295,45.90
20,308,INDUSINDBK,EQ,1251138,562027,44.92
20,309,INFOSYSTCH,EQ,1097600,664494,60.54
20,310,INFOTECENT,EQ,198921,43745,21.99
20,311,INGERRAND,EQ,3496,2386,68.25
20,312,INGVYSYABK,EQ,20217,15905,78.67
20,313,INVSTSMART,EQ,42067,21951,52.18
20,314,IOB,EQ,849455,715509,84.23
20,315,IOC,EQ,76987,48942,63.57
20,316,IPCALAB,EQ,20778,18048,86.86
20,317,IPCL,EQ,2872036,828265,28.84
20,318,ITC,EQ,6460880,2985322,46.21
20,319,ITDCEM,EQ,395,395,100.00
20,320,ITI,EQ,3617218,756850,20.92
20,321,IVC,EQ,1120,936,83.57
20,322,IVP,EQ,7293,2662,36.50
20,323,IVRCLINFRA,EQ,143258,63859,44.58
20,324,J&KBANK,EQ,102823,82351,80.09
20,325,JAGSNPHARM,EQ,60356,30472,50.49
20,326,JAICORPLTD,EQ,2,1,50.00
20,327,JAYAGROGN,EQ,1053,850,80.72
20,328,JAYBARMARU,EQ,12845,12124,94.39
20,329,JAYPEEHOT,EQ,60392,36418,60.30
20,330,JAYSREETEA,EQ,9145,6748,73.79
20,331,JBCHEPHARM,EQ,34753,22524,64.81
20,332,JBFIND,EQ,122419,47178,38.54
20,333,JBMAUTOCOM,EQ,2120,120,5.66
20,334,JETAIRWAYS,EQ,357598,211274,59.08
20,335,JINDALDRIL,EQ,104289,29269,28.07
20,336,JINDALPHOT,EQ,3675,2151,58.53
20,337,JINDALPOLY,EQ,1614,1323,81.97
20,338,JINDALSAW,EQ,141637,84086,59.37
20,339,JINDALSTEL,EQ,19263,11117,57.71
20,340,JINDALSWHL,EQ,1255,946,75.38
20,341,JISLJALEQS,EQ,19957,11263,56.44
20,342,JKINDUSTRY,EQ,8820,7448,84.44
20,343,JKPAPER,EQ,123446,40936,33.16
20,344,JPASSOCIAT,EQ,854333,666068,77.96
20,345,JPHYDRO,EQ,4882246,3673551,75.24
20,346,JSTAINLESS,EQ,967074,425478,44.00
20,347,JSWSTEEL,EQ,163819,97100,59.27
20,348,JUBILANT,EQ,1257,873,69.45
20,349,JUNIORBEES,EQ,21988,21988,100.00
20,350,JYOTISTRUC,EQ,7718,5704,73.91
20,351,KABRAEXTRU,EQ,6001,5232,87.19
20,352,KAJARIACER,EQ,110441,81660,73.94
20,353,KAKATCEM,EQ,4657,3381,72.60
20,354,KALECONSUL,EQ,34871,20812,59.68
20,355,KALPATPOWR,EQ,4186,2899,69.25
20,356,KALYANBRAK,EQ,734,602,82.02
20,357,KAMATHOTEL,EQ,14342,8624,60.13
20,358,KANORICHEM,EQ,18543,11278,60.82
20,359,KARURVYSYA,EQ,19629,11374,57.94
20,360,KCP,EQ,17065,14639,85.78
20,361,KCPSUGIND,EQ,21810,16808,77.07
20,362,KECINTL,EQ,95578,61036,63.86
20,363,KESORAMIND,EQ,8663,4806,55.48
20,364,KHAITANELE,EQ,5273,3830,72.63
20,365,KINETICMOT,EQ,6923,5656,81.70
20,366,KIRLOSOIL,EQ,11549,9350,80.96
20,367,KLGSYSTEL,EQ,39875,15663,39.28
20,368,KOJAMFIN,EQ,12560,11471,91.33
20,369,KOTAKBANK,EQ,164572,106599,64.77
20,370,KOTARISUG,EQ,136561,79439,58.17
20,371,KOTHARIPRO,EQ,160,160,100.00
20,372,KPIT,EQ,21724,20400,93.91
20,373,KRBL,EQ,157971,110819,70.15
20,374,KSBPUMPS,EQ,2736,1731,63.27
20,375,KTKBANK,EQ,1360566,293354,21.56
20,376,LAKSHVILAS,EQ,13362,9968,74.60
20,377,LANABS,EQ,2793,1805,64.63
20,378,LAXMIMACH,EQ,523,464,88.72
20,379,LGBROS,EQ,33190,28942,87.20
20,380,LIBERTSHOE,EQ,10777,6005,55.72
20,381,LICHSGFIN,EQ,320024,176610,55.19
20,382,LIQUIDBEES,EQ,2019,2019,100.00
20,383,LLOYDELENG,EQ,64754,31823,49.14
20,384,LLOYDSTEEL,EQ,965566,445480,46.14
20,385,LML,EQ,131612,60014,45.60
20,386,LT,EQ,273843,131874,48.16
20,387,LUMAXAUTO,EQ,6383,657,10.29
20,388,LUMAXIND,EQ,24063,13103,54.45
20,389,LUPIN,EQ,20559,15804,76.87
20,390,LYKALABS,EQ,43854,14472,33.00
20,391,M&M,EQ,964979,628020,65.08
20,392,MAARSOFTW,EQ,136320,80187,58.82
20,393,MACMILLAN,EQ,560,520,92.86
20,394,MADRASCEM,EQ,4156,3180,76.52
20,395,MADRASFERT,EQ,1067193,884552,82.89
20,396,MAGMA,EQ,753,663,88.05
20,397,MAHABANK,EQ,202137,93849,46.43
20,398,MAHAVIRSPG,EQ,17300,13872,80.18
20,399,MAHINDUGIN,EQ,109952,80764,73.45
20,400,MAHSCOOTER,EQ,4086,2340,57.27
20,401,MAHSEAMLES,EQ,63004,13378,21.23
20,402,MALWACOTT,EQ,27795,14868,53.49
20,403,MANALIPET,EQ,395647,194365,49.13
20,404,MANGALAM,EQ,18344,13403,73.06
20,405,MANGLMCEM,EQ,138147,92890,67.24
20,406,MANGTIMBER,EQ,32368,23638,73.03
20,407,MANINDS,EQ,3655,1954,53.46
20,408,MARALOVER,EQ,18094,12068,66.70
20,409,MARICO,EQ,9517,8748,91.92
20,410,MARUTI,EQ,1521417,666476,43.81
20,411,MASTEK,EQ,10217,6517,63.79
20,412,MATRIXLABS,EQ,975577,282552,28.96
20,413,MAX,EQ,12870,12341,95.89
20,414,MCDOWELL-N,EQ,534257,68286,12.78
20,415,MCLEODRUSS,EQ,110128,45152,41.00
20,416,MEDIAVIDEO,EQ,64692,49494,76.51
20,417,MELSTAR,EQ,94536,43350,45.86
20,418,MICO,EQ,6091,4188,68.76
20,419,MICRO,EQ,3869,3545,91.63
20,420,MID-DAY,EQ,266418,88737,33.31
20,421,MIRCELECTR,EQ,30279,16757,55.34
20,422,MIRZATAN,EQ,25239,15859,62.84
20,423,MLL,EQ,161650,87832,54.33
20,424,MONNETISPA,EQ,17799,10979,61.68
20,425,MONSANTO,EQ,2169,1694,78.10
20,426,MORGANSTAN,EQ,600602,517951,86.24
20,427,MOSERBAER,EQ,99972,76878,76.90
20,428,MOTHERSUMI,EQ,27007,25068,92.82
20,429,MPHASISBFL,EQ,504961,360443,71.38
20,430,MRF,EQ,6315,5594,88.58
20,431,MRO-TEK,EQ,1233499,305502,24.77
20,432,MRPL,EQ,691003,344997,49.93
20,433,MSKPROJ,EQ,180356,83646,46.38
20,434,MSPL,EQ,110477,78502,71.06
20,435,MTNL,EQ,1494343,853632,57.12
20,436,MUKANDLTD,EQ,535843,205012,38.26
20,437,MUNJALAUTO,EQ,7241,6734,93.00
20,438,MUNJALSHOW,EQ,1348,1134,84.12
20,439,MURUDCERA,EQ,91009,62962,69.18
20,440,MYSORECEM,EQ,1281262,520644,40.64
20,441,NAGARCONST,EQ,174041,100801,57.92
20,442,NAGARFERT,EQ,3694702,703176,19.03
20,443,NAHAREXP,EQ,28696,16223,56.53
20,444,NAHARSPG,EQ,7512,4599,61.22
20,445,NARMDCHEMA,EQ,73655,53418,72.52
20,446,NATCOPHARM,EQ,30641,16763,54.71
20,447,NATIONALUM,EQ,1365940,963680,70.55
20,448,NATNLSTEEL,EQ,72370,42888,59.26
20,449,NAVBARFERO,EQ,81304,60335,74.21
20,450,NAVNETPUBL,EQ,3604,1885,52.30
20,451,NDTV,EQ,265513,90190,33.97
20,452,NECLIFE,EQ,22756,9391,41.27
20,453,NEYVELILIG,EQ,148087,77702,52.47
20,454,NICOLASPIR,EQ,177756,152782,85.95
20,455,NIFTYBEES,EQ,3623,3328,91.86
20,456,NIITLTD,EQ,32914,21138,64.22
20,457,NIITTECH,EQ,89730,64253,71.61
20,458,NILKAMPLST,EQ,4428,2275,51.38
20,459,NIPPOBATRY,EQ,686,685,99.85
20,460,NIPPONDENR,EQ,7633654,1564832,20.50
20,461,NIRMA,EQ,6109,4066,66.56
20,462,NOCIL,EQ,420396,210083,49.97
20,463,NOIDATOLL,EQ,240392,135654,56.43
20,464,NOVOPANIND,EQ,9379,4822,51.41
20,465,NRBBEARING,EQ,1411,1310,92.84
20,466,NRC,EQ,61969,23954,38.65
20,467,NTPC,EQ,2082434,1275500,61.25
20,468,NUCLEUS,EQ,51720,28158,54.44
20,469,OCL,EQ,30420,26170,86.03
20,470,OENCONNECT,EQ,5906,5580,94.48
20,471,OMAXAUTO,EQ,18299,14264,77.95
20,472,ONGC,EQ,1295905,894620,69.03
20,473,OPTOCIRCUI,EQ,68879,18326,26.61
20,474,ORCHIDCHEM,EQ,916261,227050,24.78
20,475,ORIENTBANK,EQ,318332,147376,46.30
20,476,ORIENTHOT,EQ,801,701,87.52
20,477,ORIENTINFO,EQ,122399,51626,42.18
20,478,ORIENTPPR,EQ,28698,18540,64.60
20,479,OUDHSUG,EQ,33636,22131,65.80
20,480,PANACEABIO,EQ,32495,28954,89.10
20,481,PANTALOONR,EQ,111016,63669,57.35
20,482,PAPERPROD,EQ,1454,1399,96.22
20,483,PARASPETRO,EQ,1299207,765258,58.90
20,484,PATELENG,EQ,11700,9848,84.17
20,485,PATNI,EQ,74752,55293,73.97
20,486,PAVCI,EQ,5923,4815,81.29
20,487,PDUMJEAGRO,EQ,3129,3122,99.78
20,488,PDUMJEPULP,EQ,1910,1567,82.04
20,489,PEARLGLOBL,EQ,6166,5036,81.67
20,490,PEARLPOLY,EQ,2181,2017,92.48
20,491,PENTACOMMU,EQ,245922,154870,62.98
20,492,PENTSFWARE,EQ,868434,456656,52.58
20,493,PETRONENGG,EQ,9840,7081,71.96
20,494,PETRONET,EQ,2416634,1749085,72.38
20,495,PFIZER,EQ,3608,2521,69.87
20,496,PGHH,EQ,3788,2447,64.60
20,497,PHILIPCARB,EQ,17496,15508,88.64
20,498,PHOENIXLMP,EQ,441403,103196,23.38
20,499,PIDILITIND,EQ,193397,77761,40.21
20,500,PNB,EQ,539556,137623,25.51
20,501,PNBGILTS,EQ,22570,15096,66.89
20,502,PNC,EQ,5985,5440,90.89
20,503,POLARIS,EQ,1255136,450099,35.86
20,504,POLYPLEX,EQ,43786,28743,65.64
20,505,PONNIERODE,EQ,19966,14513,72.69
20,506,PRAJIND,EQ,175525,123196,70.19
20,507,PRECOTMILL,EQ,3999,3505,87.65
20,508,PRECWIRE,EQ,1199,871,72.64
20,509,PREMAUTOEL,EQ,6632,4727,71.28
20,510,PREMIER,EQ,44295,33487,75.60
20,511,PRICOL,EQ,134646,109682,81.46
20,512,PRIMESECU,EQ,130787,85393,65.29
20,513,PRISMCEM,EQ,1134416,493891,43.54
20,514,PROVOGUE,EQ,84973,57715,67.92
20,515,PSL,EQ,61428,17187,27.98
20,516,PTC,EQ,329179,241734,73.44
20,517,PUNJABTRAC,EQ,65865,48361,73.42
20,518,QUINTEGRA,EQ,55919,49239,88.05
20,519,RADICO,EQ,52269,43795,83.79
20,520,RAJASSPG,EQ,8739,6437,73.66
20,521,RAJESHEXPO,EQ,17570,7699,43.82
20,522,RAJSREESUG,EQ,40256,30248,75.14
20,523,RAJVIR,EQ,3090,2631,85.15
20,524,RALLIS,EQ,13301,9223,69.34
20,525,RAMANEWSPR,EQ,1747287,791885,45.32
20,526,RAMCOIND,EQ,98,85,86.73
20,527,RAMCOSYS,EQ,5034,3668,72.86
20,528,RANASUG,EQ,161937,80388,49.64
20,529,RANBAXY,EQ,2277157,1081841,47.51
20,530,RANEBRAKE,EQ,1884,1616,85.77
20,531,RANEHOLDIN,EQ,1960,1860,94.90
20,532,RAYMOND,EQ,21614,14180,65.61
20,533,RCF,EQ,1051381,643797,61.23
20,534,REIAGRO,EQ,196865,123923,62.95
20,535,REL,EQ,237948,102432,43.05
20,536,RELCAPITAL,EQ,3537289,338084,9.56
20,537,RELIANCE,EQ,5107087,1962784,38.43
20,538,RENUKA,EQ,177665,42472,23.91
20,539,REVATHI,EQ,1571,1072,68.24
20,540,REVL,EQ,146,146,100.00
20,541,RICOAUTO,EQ,37585,25648,68.24
20,542,RIIL,EQ,133644,43948,32.88
20,543,RKFORGE,EQ,50224,32367,64.45
20,544,RML,EQ,17917,16707,93.25
20,545,ROLTA,EQ,2311364,449481,19.45
20,546,RUBYMILLS,EQ,959,724,75.50
20,547,RUCHINFRA,EQ,53571,42704,79.71
20,548,RUCHISOYA,EQ,12854,6987,54.36
20,549,SABERORGAN,EQ,13608,6662,48.96
20,550,SAELTD,EQ,20537,14181,69.05
20,551,SAHPETRO,EQ,42798,27835,65.04
20,552,SAIL,EQ,7390270,2505197,33.90
20,553,SAKHTISUG,EQ,149944,78926,52.64
20,554,SALORAINTL,EQ,1384,977,70.59
20,555,SALSTEEL,EQ,167615,96975,57.86
20,556,SAMTEL,EQ,16068,9786,60.90
20,557,SANDESH,EQ,2345,1845,78.68
20,558,SANGAMIND,EQ,64874,46548,71.75
20,559,SAREGAMA,EQ,18314,9389,51.27
20,560,SASKEN,EQ,24717,11413,46.17
20,561,SATNAMOVER,EQ,201599,74946,37.18
20,562,SATYAMCOMP,EQ,2736248,502976,18.38
20,563,SAVITACHEM,EQ,1062,772,72.69
20,564,SBIN,EQ,1769036,162432,9.18
20,565,SBIN,IL,65084,65084,100.00
20,566,SCANDENT,EQ,1003532,186092,18.54
20,567,SCI,EQ,283378,141291,49.86
20,568,SEAMECLTD,EQ,18773,7807,41.59
20,569,SESAGOA,EQ,1135311,267042,23.52
20,570,SESHAPAPER,EQ,864,699,80.90
20,571,SHAHALLOYS,EQ,10644,8345,78.40
20,572,SHANTIGEAR,EQ,442677,315224,71.21
20,573,SHASUNCHEM,EQ,14120,9665,68.45
20,574,SHIV-VANI,EQ,7633,5135,67.27
20,575,SHIVTEX,EQ,4058,2881,71.00
20,576,SHOPERSTOP,EQ,5187,3768,72.64
20,577,SHREECEM,EQ,5080,3231,63.60
20,578,SHRENUJ,EQ,9430,8204,87.00
20,579,SHRINGAR,EQ,79578,35171,44.20
20,580,SHRIRAMCIT,EQ,13739,9960,72.49
20,581,SHRIRAMINV,EQ,16731,12250,73.22
20,582,SHRMHONDA,EQ,300,200,66.67
20,583,SHYAMTELE,EQ,25386,14568,57.39
20,584,SICAL,EQ,15107,9976,66.04
20,585,SIEMENS,EQ,23016,12929,56.17
20,586,SIL,EQ,80742,66467,82.32
20,587,SIMPLEXCON,EQ,1372,957,69.75
20,588,SINTEX,EQ,9281,7544,81.28
20,589,SIRPAPER,EQ,3893,3396,87.23
20,590,SKFINDIA,EQ,47865,32419,67.73
20,591,SKMEGGPROD,EQ,12915,8005,61.98
20,592,SOFTPRO,EQ,7925,4755,60.00
20,593,SOLECTCENT,EQ,15602,14515,93.03
20,594,SOMATEX,EQ,83385,25601,30.70
20,595,SONASTEER,EQ,25915,21368,82.45
20,596,SONATSOFTW,EQ,318592,177440,55.70
20,597,SOUTHBANK,EQ,144859,78258,54.02
20,598,SPIC,EQ,431958,138309,32.02
20,599,SPLIL,EQ,39187,26693,68.12
20,600,SREINTFIN,EQ,438402,273728,62.44
20,601,SRERAYHIST,EQ,2167,1650,76.14
20,602,SRF,EQ,3288620,271398,8.25
20,603,SRTRANSFIN,EQ,39733,31181,78.48
20,604,SSWL,EQ,10439,7883,75.51
20,605,STAR,EQ,43257,24629,56.94
20,606,STARPAPER,EQ,22156,16021,72.31
20,607,STCINDIA,EQ,12777,4623,36.18
20,608,STER,EQ,58952,34008,57.69
20,609,STERLINBIO,EQ,469404,252159,53.72
20,610,STROPTICAL,EQ,184541,70233,38.06
20,611,SUBEX,EQ,14985,12481,83.29
20,612,SUBHASPROJ,EQ,32584,20627,63.30
20,613,SUBROS,EQ,2770,2167,78.23
20,614,SUNDARMFIN,EQ,1182,792,67.01
20,615,SUNDRMBRAK,EQ,4255,1850,43.48
20,616,SUNDRMCLAY,EQ,3097,878,28.35
20,617,SUNDRMFAST,EQ,63069,54722,86.77
20,618,SUNFLAG,EQ,64726,59080,91.28
20,619,SUNPHARMA,EQ,60711,39245,64.64
20,620,SUPERSPIN,EQ,3537,2404,67.97
20,621,SUPPETRO,EQ,67243,42281,62.88
20,622,SUPRAJIT,EQ,518,478,92.28
20,623,SUPREMEIND,EQ,2847,2460,86.41
20,624,SURAJDIAMN,EQ,129006,63712,49.39
20,625,SURANATELE,EQ,141263,52532,37.19
20,626,SURYALAXMI,EQ,11834,7643,64.59
20,627,SURYAPHARM,EQ,202342,32201,15.91
20,628,SURYAROSNI,EQ,35779,21772,60.85
20,629,SUTLEJINDS,EQ,2177,1718,78.92
20,630,SUVEN,EQ,29871,15174,50.80
20,631,SUZLON,EQ,2626915,660632,25.15
20,632,SWARAJENG,EQ,1453,1169,80.45
20,633,SWARAJMAZD,EQ,1077,523,48.56
20,634,SYNDIBANK,EQ,2995905,1793547,59.87
20,635,TAINWALCHM,EQ,3274,3274,100.00
20,636,TAJGVK,EQ,236708,94226,39.81
20,637,TASCPHARMA,EQ,48048,22813,47.48
20,638,TATACHEM,EQ,670289,471449,70.34
20,639,TATAELXSI,EQ,30672,17245,56.22
20,640,TATAINFO,EQ,5528,3666,66.32
20,641,TATAINFOTE,EQ,18473,15298,82.81
20,642,TATAINVEST,EQ,36588,29441,80.47
20,643,TATAMETALI,EQ,25344,17531,69.17
20,644,TATAMOTORS,EQ,3794496,2326783,61.32
20,645,TATAPOWER,EQ,677015,285250,42.13
20,646,TATASPONGE,EQ,13055,8152,62.44
20,647,TATASTEEL,EQ,7146401,2508697,35.10
20,648,TATATEA,EQ,75727,33195,43.84
20,649,TATAVASHIS,EQ,14301,14200,99.29
20,650,TCI,EQ,1928,892,46.27
20,651,TCIFINANCE,EQ,1100,1000,90.91
20,652,TCS,EQ,523560,285055,54.45
20,653,TELEDATAIN,EQ,315026,184485,58.56
20,654,TEXMACOLTD,EQ,4060,3310,81.53
20,655,TFCILTD,EQ,125137,78617,62.82
20,656,THERMAX,EQ,5619,4775,84.98
20,657,THIRUSUGAR,EQ,748,696,93.05
20,658,THOMASCOOK,EQ,2074,1989,95.90
20,659,TIL,EQ,36858,26336,71.45
20,660,TIMESGTY,EQ,2539,2004,78.93
20,661,TIRUMALCHM,EQ,4166,3043,73.04
20,662,TITAN,EQ,4000874,236843,5.92
20,663,TITANOCOMP,EQ,9281,6137,66.12
20,664,TNPETRO,EQ,131668,77034,58.51
20,665,TNPL,EQ,187106,145819,77.93
20,666,TODAYS,EQ,20249,12269,60.59
20,667,TORNTPHARM,EQ,1516,1329,87.66
20,668,TORRENTAEC,EQ,25262,23160,91.68
20,669,TORRENTSEC,EQ,1444,236,16.34
20,670,TRENT,EQ,4032,2143,53.15
20,671,TRENT,N1,25,25,100.00
20,672,TRENT,W1,2500,2500,100.00
20,673,TRIGYN,EQ,48127,28192,58.58
20,674,TTKPRESTIG,EQ,6039,4292,71.07
20,675,TTML,EQ,3799499,1272009,33.48
20,676,TUBEINVEST,EQ,6125,4753,77.60
20,677,TV18,EQ,25625,14885,58.09
20,678,TVSELECT,EQ,13184,8769,66.51
20,679,TVSMOTOR,EQ,2032857,1396546,68.70
20,680,TVTODAY,EQ,146184,60991,41.72
20,681,UCALFUEL,EQ,8569,7136,83.28
20,682,UCOBANK,EQ,462772,282783,61.11
20,683,ULTRACEMCO,EQ,54422,37099,68.17
20,684,UMITL,EQ,20471,11714,57.22
20,685,UNICHEMLAB,EQ,16316,14128,86.59
20,686,UNIONBANK,EQ,469424,290859,61.96
20,687,UNIPHOS,EQ,92227,46593,50.52
20,688,UNITECH,EQ,2567,2316,90.22
20,689,UNIVCABLES,EQ,31299,21256,67.91
20,690,UPERGANGES,EQ,6841,5379,78.63
20,691,US64BONDS,N1,22310,18267,81.88
20,692,USHAMART,EQ,233653,154200,66.00
20,693,UTIBANK,EQ,386906,327146,84.55
20,694,UTTAMSTL,EQ,173937,96516,55.49
20,695,UTVSOF,EQ,15827,11937,75.42
20,696,VAIBHAVGEM,EQ,2072,1243,59.99
20,697,VARDHACRLC,EQ,201974,135084,66.88
20,698,VARDMNPOLY,EQ,12837,9236,71.95
20,699,VARUNSHIP,EQ,1525428,503739,33.02
20,700,VDOCONAPPL,EQ,47962,27386,57.10
20,701,VDOCONINTL,EQ,1324439,268587,20.28
20,702,VENKEYS,EQ,15810,12079,76.40
20,703,VESUVIUS,EQ,21704,13143,60.56
20,704,VIDEOIND,EQ,689,614,89.11
20,705,VIJAYABANK,EQ,711642,493213,69.31
20,706,VIPIND,EQ,3492,2737,78.38
20,707,VISAKAIND,EQ,67581,23229,34.37
20,708,VISESHINFO,EQ,12186,7857,64.48
20,709,VISHALEXPO,EQ,788261,472455,59.94
20,710,VISUALSOFT,EQ,448608,156062,34.79
20,711,VIVIMEDLAB,EQ,243792,50325,20.64
20,712,VLSFINANCE,EQ,35004,19902,56.86
20,713,VOLTAS,EQ,123283,89040,72.22
20,714,VSGML,EQ,807,493,61.09
20,715,VSNL,EQ,3049617,1258482,41.27
20,716,VSTIND,EQ,361,356,98.61
20,717,WARTSILA,EQ,540,535,99.07
20,718,WELGUJ,EQ,2374541,1064634,44.84
20,719,WELSPUNIND,EQ,26017,17776,68.32
20,720,WHEELS,EQ,599,594,99.17
20,721,WILLAMAGOR,EQ,4777,3925,82.16
20,722,WINSOMYARN,EQ,21025,16935,80.55
20,723,WIPRO,EQ,862838,460171,53.33
20,724,WOCKPHARMA,EQ,168535,97325,57.75
20,725,WSTCSTPAPR,EQ,1646,1462,88.82
20,726,WYETHLEDE,EQ,19702,16581,84.16
20,727,XPROINDIA,EQ,4487,2914,64.94
20,728,YESBANK,EQ,197479,140498,71.15
20,729,YOKOGAWA,EQ,515,450,87.38
20,730,ZANDUPHARM,EQ,62,33,53.23
20,731,ZEETELE,EQ,1247848,466147,37.36
20,732,ZENITHCOMP,EQ,40310,20926,51.91
20,733,ZENITHEXPO,EQ,1420,420,29.58
20,734,ZENSARTECH,EQ,38002,15197,39.99
20,735,ZODIACLOTH,EQ,1509,1343,89.00
20,736,ZODJRDMKJ,EQ,2529,1786,70.62
20,737,ZUARIAGRO,EQ,39645,14832,37.41
