Security Wise Delivery Position - Compulsory Rolling Settlement
10,MTO,17042020,810168977,0001802
Trade Date <17-APR-2020>,Settlement Type <N>
Record Type,Sr No,Name of Security,Quantity Traded,Deliverable Quantity(gross across client level),% of Deliverable Quantity to Traded Quantity
20,1,20MICRONS,EQ,81116,44983,55.46
20,2,21STCENMGM,EQ,525,505,96.19
20,3,3IINFOTECH,EQ,9870208,5009986,50.76
20,4,3MINDIA,EQ,8832,7006,79.33
20,5,3PLAND,EQ,1001,1001,100.00
20,6,5PAISA,EQ,8568,4319,50.41
20,7,63MOONS,EQ,51614,40540,78.54
20,8,645GS2029,GS,200,200,100.00
20,9,737GS2023,GS,162,100,61.73
20,10,763GS2059,GS,100,100,100.00
20,11,772GS2049,GS,100,100,100.00
20,12,A2ZINFRA,EQ,339378,248954,73.36
20,13,AARTIDRUGS,EQ,24788,13590,54.82
20,14,AARTIIND,EQ,202322,125688,62.12
20,15,AARVEEDEN,EQ,6569,4351,66.24
20,16,AAVAS,EQ,102179,74992,73.39
20,17,ABAN,EQ,26904,26879,99.91
20,18,ABB,EQ,40359,16072,39.82
20,19,ABBOTINDIA,EQ,27215,13419,49.31
20,20,ABCAPITAL,EQ,3436027,1023479,29.79
20,21,ABFRL,EQ,1222350,815620,66.73
20,22,ABSLBANETF,EQ,33,33,100.00
20,23,ABSLNN50ET,EQ,406,362,89.16
20,24,ACC,EQ,1614409,304850,18.88
20,25,ACCELYA,EQ,19235,12318,64.04
20,26,ACCURACY,SM,6400,4800,75.00
20,27,ACE,EQ,659402,342982,52.01
20,28,ADANIENT,EQ,2384033,624508,26.20
20,29,ADANIGAS,EQ,3526996,866742,24.57
20,30,ADANIGREEN,EQ,432615,263540,60.92
20,31,ADANIPORTS,EQ,3470271,1371313,39.52
20,32,ADANIPOWER,EQ,12247415,2432411,19.86
20,33,ADANITRANS,EQ,88406,45363,51.31
20,34,ADFFOODS,EQ,20293,15400,75.89
20,35,ADHUNIKIND,EQ,42656,23542,55.19
20,36,ADLABS,EQ,76170,76146,99.97
20,37,ADORWELD,EQ,38069,8861,23.28
20,38,ADSL,EQ,32751,24719,75.48
20,39,ADVANIHOTR,EQ,9623,6142,63.83
20,40,ADVENZYMES,EQ,503648,408690,81.15
20,41,AEGISCHEM,EQ,92945,50803,54.66
20,42,AGARIND,EQ,18928,11689,61.76
20,43,AGRITECH,EQ,3407,3407,100.00
20,44,AGROPHOS,EQ,9683,9683,100.00
20,45,AHLEAST,EQ,50372,50059,99.38
20,46,AHLUCONT,EQ,31383,16303,51.95
20,47,AIAENG,EQ,44465,20374,45.82
20,48,AIRAN,EQ,12515,9542,76.24
20,49,AISL,SM,7200,7200,100.00
20,50,AJANTPHARM,EQ,124501,56465,45.35
20,51,AJMERA,EQ,351833,114214,32.46
20,52,AKSHARCHEM,EQ,7365,3169,43.03
20,53,AKSHOPTFBR,EQ,80392,80392,100.00
20,54,AKZOINDIA,EQ,15934,8854,55.57
20,55,ALANKIT,EQ,167124,68746,41.13
20,56,ALBERTDAVD,EQ,8921,5396,60.49
20,57,ALEMBICLTD,EQ,100744,56428,56.01
20,58,ALICON,EQ,3919,2495,63.66
20,59,ALKALI,EQ,9253,5771,62.37
20,60,ALKEM,EQ,92804,39924,43.02
20,61,ALKYLAMINE,EQ,90481,43059,47.59
20,62,ALLCARGO,EQ,136864,87758,64.12
20,63,ALLSEC,EQ,3282,2678,81.60
20,64,ALMONDZ,EQ,6785,6583,97.02
20,65,ALOKINDS,EQ,507807,507807,100.00
20,66,ALPA,EQ,235017,146203,62.21
20,67,ALPHAGEO,EQ,28953,18804,64.95
20,68,AMARAJABAT,EQ,1244146,133706,10.75
20,69,AMBER,EQ,155882,87564,56.17
20,70,AMBIKCO,EQ,5358,3928,73.31
20,71,AMBUJACEM,EQ,3706603,1398349,37.73
20,72,AMDIND,EQ,3950,3088,78.18
20,73,AMJLAND,EQ,1625,1026,63.14
20,74,AMRUTANJAN,EQ,57124,23014,40.29
20,75,ANANTRAJ,EQ,273349,186350,68.17
20,76,ANDHRACEMT,EQ,146169,146169,100.00
20,77,ANDHRAPAP,EQ,2676,2676,100.00
20,78,ANDHRSUGAR,EQ,35153,22809,64.88
20,79,ANIKINDS,EQ,10811,10084,93.28
20,80,ANKITMETAL,EQ,16052,16052,100.00
20,81,ANSALAPI,EQ,42999,40171,93.42
20,82,ANSALHSG,EQ,56133,41253,73.49
20,83,ANUP,EQ,19186,12878,67.12
20,84,APARINDS,EQ,18457,11383,61.67
20,85,APCL,EQ,5077,2314,45.58
20,86,APCOTEXIND,EQ,17537,13335,76.04
20,87,APEX,EQ,75145,40660,54.11
20,88,APLAPOLLO,EQ,45147,19912,44.10
20,89,APLLTD,EQ,115938,85213,73.50
20,90,APOLLO,EQ,30585,16845,55.08
20,91,APOLLOHOSP,EQ,1718048,731209,42.56
20,92,APOLLOPIPE,EQ,28452,20220,71.07
20,93,APOLLOTYRE,EQ,8133307,2111544,25.96
20,94,APOLSINHOT,EQ,4240,4232,99.81
20,95,APTECHT,EQ,131019,49878,38.07
20,96,ARCHIDPLY,EQ,21812,15899,72.89
20,97,ARCHIES,EQ,40144,32944,82.06
20,98,ARCOTECH,EQ,8137,8137,100.00
20,99,ARENTERP,EQ,8758,8280,94.54
20,100,ARIES,EQ,156411,92768,59.31
20,101,ARIHANT,EQ,794,620,78.09
20,102,ARIHANTSUP,EQ,10318,8822,85.50
20,103,ARMANFIN,EQ,15223,14363,94.35
20,104,AROGRANITE,EQ,10438,8061,77.23
20,105,ARSHIYA,EQ,19440,17314,89.06
20,106,ARSSINFRA,EQ,31116,22665,72.84
20,107,ARTEMISMED,EQ,3314,2985,90.07
20,108,ARVIND,EQ,1008685,483412,47.92
20,109,ARVINDFASN,EQ,113960,84872,74.48
20,110,ARVSMART,EQ,481928,111036,23.04
20,111,ASAHIINDIA,EQ,23512,16080,68.39
20,112,ASAHISONG,EQ,14264,7065,49.53
20,113,ASAL,EQ,4521,4014,88.79
20,114,ASALCBR,EQ,37894,20495,54.09
20,115,ASHAPURMIN,EQ,58308,51444,88.23
20,116,ASHIANA,EQ,216529,177671,82.05
20,117,ASHIMASYN,EQ,29088,19709,67.76
20,118,ASHOKA,EQ,1308573,593436,45.35
20,119,ASHOKLEY,EQ,27585071,4113964,14.91
20,120,ASIANHOTNR,EQ,8185,3338,40.78
20,121,ASIANPAINT,EQ,1398782,457200,32.69
20,122,ASIANTILES,EQ,43225,27609,63.87
20,123,ASPINWALL,EQ,569,407,71.53
20,124,ASTEC,EQ,9632,7561,78.50
20,125,ASTERDM,EQ,766609,682010,88.96
20,126,ASTRAL,EQ,109426,74110,67.73
20,127,ASTRAMICRO,EQ,79357,46091,58.08
20,128,ASTRAZEN,EQ,14372,7192,50.04
20,129,ASTRON,EQ,71661,40232,56.14
20,130,ATFL,EQ,5206,3547,68.13
20,131,ATLANTA,EQ,4630,4630,100.00
20,132,ATUL,EQ,43750,20677,47.26
20,133,ATULAUTO,EQ,15521,13342,85.96
20,134,AUBANK,EQ,730874,511342,69.96
20,135,AURIONPRO,EQ,34518,17707,51.30
20,136,AUROPHARMA,EQ,8110232,950419,11.72
20,137,AUSOMENT,EQ,3367,2926,86.90
20,138,AUTOAXLES,EQ,37662,10615,28.18
20,139,AUTOIND,EQ,6028,5928,98.34
20,140,AUTOLITIND,EQ,10010,5724,57.18
20,141,AVADHSUGAR,EQ,39278,27102,69.00
20,142,AVANTIFEED,EQ,350306,173517,49.53
20,143,AVTNPL,EQ,145246,120782,83.16
20,144,AXISBANK,EQ,47831855,10786449,22.55
20,145,AXISCADES,EQ,23974,17429,72.70
20,146,AXISGOLD,EQ,2964,1506,50.81
20,147,AXISNIFTY,EQ,305,198,64.92
20,148,AYMSYNTEX,EQ,8714,8158,93.62
20,149,BABAFOOD,SM,2000,2000,100.00
20,150,BAJAJ-AUTO,EQ,690554,186543,27.01
20,151,BAJAJCON,EQ,711319,315605,44.37
20,152,BAJAJELEC,EQ,296240,46810,15.80
20,153,BAJAJFINSV,EQ,1352223,191143,14.14
20,154,BAJAJHIND,EQ,178451,178451,100.00
20,155,BAJAJHLDNG,EQ,50520,36304,71.86
20,156,BAJFINANCE,EQ,10191558,2240728,21.99
20,157,BALAJITELE,EQ,80999,60539,74.74
20,158,BALAMINES,EQ,62081,27349,44.05
20,159,BALKRISHNA,EQ,6472,6472,100.00
20,160,BALKRISIND,EQ,1184820,223532,18.87
20,161,BALLARPUR,EQ,13859704,5123480,36.97
20,162,BALMLAWRIE,EQ,1756152,366088,20.85
20,163,BALPHARMA,EQ,46263,32837,70.98
20,164,BALRAMCHIN,EQ,756144,434998,57.53
20,165,BANARBEADS,EQ,627,547,87.24
20,166,BANARISUG,EQ,138,124,89.86
20,167,BANCOINDIA,EQ,180773,106451,58.89
20,168,BANDHANBNK,EQ,23292305,5049886,21.68
20,169,BANG,EQ,882,828,93.88
20,170,BANKA,SM,1200,1200,100.00
20,171,BANKBARODA,EQ,35113747,9230762,26.29
20,172,BANKBEES,EQ,1523181,775527,50.91
20,173,BANKINDIA,EQ,2336563,997637,42.70
20,174,BANSWRAS,EQ,3433,2851,83.05
20,175,BASF,EQ,25842,14287,55.29
20,176,BASML,EQ,438,385,87.90
20,177,BATAINDIA,EQ,1457555,377347,25.89
20,178,BAYERCROP,EQ,9552,5058,52.95
20,179,BBL,EQ,5327,3818,71.67
20,180,BBTC,EQ,48600,21627,44.50
20,181,BCG,EQ,380846,332458,87.29
20,182,BCP,EQ,18369,14146,77.01
20,183,BDL,EQ,66706,23483,35.20
20,184,BEARDSELL,EQ,30743,19697,64.07
20,185,BEDMUTHA,EQ,17461,10527,60.29
20,186,BEL,EQ,19718808,14401430,73.03
20,187,BEML,EQ,1023522,196196,19.17
20,188,BEPL,EQ,1367916,644957,47.15
20,189,BERGEPAINT,EQ,948858,187207,19.73
20,190,BETA,SM,5600,4800,85.71
20,191,BFINVEST,EQ,50609,41619,82.24
20,192,BFUTILITIE,EQ,112051,60192,53.72
20,193,BGRENERGY,EQ,415552,182550,43.93
20,194,BHAGERIA,EQ,18204,9809,53.88
20,195,BHAGYANGR,EQ,1596,1472,92.23
20,196,BHAGYAPROP,EQ,2672,2430,90.94
20,197,BHANDARI,EQ,664220,464325,69.91
20,198,BHARATFORG,EQ,11341639,2836530,25.01
20,199,BHARATGEAR,EQ,6911,6911,100.00
20,200,BHARATRAS,EQ,2220,1086,48.92
20,201,BHARATWIRE,EQ,38950,31347,80.48
20,202,BHARTIARTL,EQ,16127623,8507005,52.75
20,203,BHEL,EQ,29750187,11424019,38.40
20,204,BIGBLOC,EQ,854,426,49.88
20,205,BIL,EQ,5335,2549,47.78
20,206,BILENERGY,EQ,1794931,987671,55.03
20,207,BINDALAGRO,EQ,24259,23044,94.99
20,208,BIOCON,EQ,10074247,2978948,29.57
20,209,BIOFILCHEM,EQ,1801,1801,100.00
20,210,BIRLACABLE,EQ,466748,191542,41.04
20,211,BIRLACORPN,EQ,104287,59971,57.51
20,212,BIRLAMONEY,EQ,606125,228440,37.69
20,213,BIRLATYRE,EQ,6564,6564,100.00
20,214,BLBLIMITED,EQ,5133,4133,80.52
20,215,BLISSGVS,EQ,192549,135619,70.43
20,216,BLS,EQ,35812,24642,68.81
20,217,BLUECOAST,EQ,2912,2911,99.97
20,218,BLUEDART,EQ,29838,7406,24.82
20,219,BLUESTARCO,EQ,199439,55458,27.81
20,220,BODALCHEM,EQ,452066,129410,28.63
20,221,BOHRA,SM,14000,14000,100.00
20,222,BOMDYEING,EQ,1901469,803745,42.27
20,223,BORORENEW,EQ,202860,144909,71.43
20,224,BOSCHLTD,EQ,28346,5890,20.78
20,225,BPCL,EQ,4420519,1398281,31.63
20,226,BRFL,EQ,46978,46948,99.94
20,227,BRIGADE,EQ,414110,298956,72.19
20,228,BRITANNIA,EQ,705271,226560,32.12
20,229,BRITANNIA,N2,2640,2597,98.37
20,230,BRNL,EQ,2739,1983,72.40
20,231,BROOKS,EQ,3478,3478,100.00
20,232,BSE,EQ,358337,172036,48.01
20,233,BSELINFRA,EQ,20108,20108,100.00
20,234,BSHSL,SM,1200,1200,100.00
20,235,BSL,EQ,4278,2759,64.49
20,236,BSLGOLDETF,EQ,271,194,71.59
20,237,BSLNIFTY,EQ,661,433,65.51
20,238,BSLRIFS4RG,MF,65,65,100.00
20,239,BSOFT,EQ,1234575,383920,31.10
20,240,BURNPUR,EQ,27409,24064,87.80
20,241,BUTTERFLY,EQ,498662,200348,40.18
20,242,BYKE,EQ,141101,97495,69.10
20,243,CADILAHC,EQ,7835392,1864841,23.80
20,244,CADSYS,SM,10000,6000,60.00
20,245,CALSOFT,EQ,38081,22493,59.07
20,246,CAMLINFINE,EQ,501891,255807,50.97
20,247,CANBK,EQ,16638116,2584722,15.53
20,248,CANFINHOME,EQ,2389268,868124,36.33
20,249,CANTABIL,EQ,46875,21807,46.52
20,250,CAPACITE,EQ,77018,51438,66.79
20,251,CAPLIPOINT,EQ,127409,55538,43.59
20,252,CAPTRUST,EQ,1792,1528,85.27
20,253,CARBORUNIV,EQ,26241,14833,56.53
20,254,CAREERP,EQ,26929,21227,78.83
20,255,CARERATING,EQ,203091,152801,75.24
20,256,CASTROLIND,EQ,779401,424042,54.41
20,257,CCHHL,EQ,10680,10680,100.00
20,258,CCL,EQ,647257,590113,91.17
20,259,CDSL,EQ,458276,234964,51.27
20,260,CEATLTD,EQ,79848,22022,27.58
20,261,CEBBCO,EQ,30055,26016,86.56
20,262,CELEBRITY,EQ,22319,21491,96.29
20,263,CENTENKA,EQ,19546,12166,62.24
20,264,CENTEXT,EQ,704922,375300,53.24
20,265,CENTRALBK,EQ,951268,353440,37.15
20,266,CENTRUM,EQ,18744,18517,98.79
20,267,CENTUM,EQ,2430,1673,68.85
20,268,CENTURYPLY,EQ,151576,74581,49.20
20,269,CENTURYTEX,EQ,2182190,214047,9.81
20,270,CERA,EQ,1356,869,64.09
20,271,CESC,EQ,1933236,162365,8.40
20,272,CESCVENT,EQ,30728,24088,78.39
20,273,CGCL,EQ,100743,54325,53.92
20,274,CGPOWER,EQ,3003800,1691049,56.30
20,275,CHALET,EQ,10702,6247,58.37
20,276,CHAMBLFERT,EQ,981669,512255,52.18
20,277,CHEMBOND,EQ,2341,1741,74.37
20,278,CHEMFAB,EQ,32237,17548,54.43
20,279,CHENNPETRO,EQ,1501318,662265,44.11
20,280,CHOLAFIN,EQ,11964947,2707152,22.63
20,281,CHOLAHLDNG,EQ,378029,316088,83.61
20,282,CHROMATIC,EQ,5699,5699,100.00
20,283,CIGNITITEC,EQ,65994,57218,86.70
20,284,CIMMCO,EQ,15134,11920,78.76
20,285,CINELINE,EQ,11544,7236,62.68
20,286,CIPLA,EQ,8304296,1765823,21.26
20,287,CLEDUCATE,EQ,59780,40206,67.26
20,288,CLNINDIA,EQ,30707,13148,42.82
20,289,CMICABLES,EQ,55866,39685,71.04
20,290,COALINDIA,EQ,7094930,2138681,30.14
20,291,COCHINSHIP,EQ,752379,197448,26.24
20,292,COLPAL,EQ,589457,186377,31.62
20,293,COMPINFO,EQ,27094,14763,54.49
20,294,COMPUSOFT,EQ,208378,175051,84.01
20,295,CONCOR,EQ,2008707,999171,49.74
20,296,CONFIPET,EQ,312829,255220,81.58
20,297,CONTI,SM,3333,3333,100.00
20,298,CONTROLPR,EQ,3326,2855,85.84
20,299,CORALFINAC,EQ,18905,10173,53.81
20,300,CORDSCABLE,EQ,17684,11800,66.73
20,301,COROMANDEL,EQ,232151,162286,69.91
20,302,COSMOFILMS,EQ,53852,31719,58.90
20,303,COUNCODOS,EQ,5220,5038,96.51
20,304,CPSEETF,EQ,3592723,1558905,43.39
20,305,CREATIVE,EQ,742,274,36.93
20,306,CREATIVEYE,EQ,1117,1117,100.00
20,307,CREDITACC,EQ,181656,148722,81.87
20,308,CREST,EQ,713,553,77.56
20,309,CRISIL,EQ,48967,36873,75.30
20,310,CROMPTON,EQ,661359,466038,70.47
20,311,CSBBANK,EQ,168347,67855,40.31
20,312,CTE,EQ,8654,6131,70.85
20,313,CUB,EQ,2989478,1967185,65.80
20,314,CUMMINSIND,EQ,1229378,229639,18.68
20,315,CUPID,EQ,55725,25988,46.64
20,316,CYBERTECH,EQ,32077,22092,68.87
20,317,CYIENT,EQ,801191,601457,75.07
20,318,DAAWAT,EQ,883636,530401,60.02
20,319,DABUR,EQ,3429733,1280723,37.34
20,320,DALBHARAT,EQ,273639,230964,84.40
20,321,DALMIASUG,EQ,181507,108463,59.76
20,322,DAMODARIND,EQ,6208,1869,30.11
20,323,DATAMATICS,EQ,17574,17574,100.00
20,324,DBCORP,EQ,165515,120285,72.67
20,325,DBL,EQ,767858,467774,60.92
20,326,DBREALTY,EQ,1388112,1041120,75.00
20,327,DBSTOCKBRO,EQ,236,236,100.00
20,328,DCAL,EQ,20830,20830,100.00
20,329,DCBBANK,EQ,3317133,909750,27.43
20,330,DCM,EQ,2048,2048,100.00
20,331,DCMNVL,EQ,7092,2913,41.07
20,332,DCMSHRIRAM,EQ,1105086,199668,18.07
20,333,DCW,EQ,191793,159291,83.05
20,334,DECCANCE,EQ,8014,4656,58.10
20,335,DEEPAKFERT,EQ,637961,254228,39.85
20,336,DEEPAKNTR,EQ,485485,164332,33.85
20,337,DEEPIND,EQ,33745,18607,55.14
20,338,DELTACORP,EQ,4110599,2437383,59.30
20,339,DEN,EQ,37662,25279,67.12
20,340,DENORA,EQ,4938,3654,74.00
20,341,DFMFOODS,EQ,100033,30466,30.46
20,342,DGCONTENT,EQ,157,157,100.00
20,343,DHAMPURSUG,EQ,324372,222185,68.50
20,344,DHANBANK,EQ,1435755,708788,49.37
20,345,DHANUKA,EQ,21234,15024,70.75
20,346,DHFL,EQ,801337,723176,90.25
20,347,DHFL,NA,20,20,100.00
20,348,DHFL,NC,100,100,100.00
20,349,DHFL,NO,17,17,100.00
20,350,DHFL,NP,1295,1108,85.56
20,351,DHFL,NS,360,360,100.00
20,352,DHFL,NX,518,518,100.00
20,353,DHFL,NY,80,80,100.00
20,354,DHFL,Y1,112,112,100.00
20,355,DHUNINV,EQ,1244,766,61.58
20,356,DIAMONDYD,EQ,474893,259844,54.72
20,357,DICIND,EQ,4905,1809,36.88
20,358,DIGISPICE,EQ,4538,4538,100.00
20,359,DISHTV,EQ,7311895,4363380,59.68
20,360,DIVISLAB,EQ,1326980,531168,40.03
20,361,DIXON,EQ,73902,39010,52.79
20,362,DLF,EQ,30164652,8777989,29.10
20,363,DLINKINDIA,EQ,76648,41920,54.69
20,364,DOLAT,EQ,42446,26260,61.87
20,365,DOLLAR,EQ,23431,12131,51.77
20,366,DONEAR,EQ,28378,14102,49.69
20,367,DPABHUSHAN,SM,4000,4000,100.00
20,368,DPSCLTD,EQ,38593,33169,85.95
20,369,DPWIRES,EQ,2891,990,34.24
20,370,DREDGECORP,EQ,678043,98952,14.59
20,371,DRREDDY,EQ,1814922,468553,25.82
20,372,DRSDILIP,SM,1600,1600,100.00
20,373,DSSL,EQ,4327,3491,80.68
20,374,DTIL,EQ,5052,2847,56.35
20,375,DVL,EQ,13360,9625,72.04
20,376,DWARKESH,EQ,639131,360934,56.47
20,377,DYNAMATECH,EQ,1653,1231,74.47
20,378,DYNPRO,EQ,10260,8399,81.86
20,379,E2E,SM,2000,2000,100.00
20,380,EASTSILK,EQ,1030,1030,100.00
20,381,EBBETF0423,EQ,28739,24557,85.45
20,382,EBBETF0430,EQ,24760,16910,68.30
20,383,ECLERX,EQ,58887,27433,46.59
20,384,ECLFINANCE,NF,35,35,100.00
20,385,ECLFINANCE,NJ,3,2,66.67
20,386,ECLFINANCE,NK,151,151,100.00
20,387,ECLFINANCE,NM,154,153,99.35
20,388,ECLFINANCE,NN,5,5,100.00
20,389,ECLFINANCE,NP,20,20,100.00
20,390,ECLFINANCE,NR,774,615,79.46
20,391,ECLFINANCE,NS,10,10,100.00
20,392,EDELWEISS,EQ,590832,489329,82.82
20,393,EHFLNCD,N3,29,29,100.00
20,394,EHFLNCD,N6,25,25,100.00
20,395,EICHERMOT,EQ,565684,198188,35.04
20,396,EIDPARRY,EQ,119522,65114,54.48
20,397,EIFFL,SM,1600,1600,100.00
20,398,EIHAHOTELS,EQ,1998,1074,53.75
20,399,EIHOTEL,EQ,180189,156597,86.91
20,400,EIMCOELECO,EQ,1512,1253,82.87
20,401,EKC,EQ,50168,49566,98.80
20,402,ELECON,EQ,72036,44270,61.46
20,403,ELECTCAST,EQ,292037,236388,80.94
20,404,ELECTHERM,EQ,11321,8971,79.24
20,405,ELGIEQUIP,EQ,83806,62973,75.14
20,406,ELGIRUBCO,EQ,12371,11346,91.71
20,407,EMAMILTD,EQ,1704352,1561308,91.61
20,408,EMAMIPAP,EQ,1255,1255,100.00
20,409,EMAMIREAL,EQ,39383,25154,63.87
20,410,EMBASSY,RR,97600,81400,83.40
20,411,EMKAY,EQ,15193,15193,100.00
20,412,EMMBI,EQ,10405,7359,70.73
20,413,EMOFSR1RDP,MF,54,54,100.00
20,414,EMOFSR1RGG,MF,7452,7452,100.00
20,415,ENDURANCE,EQ,365328,254025,69.53
20,416,ENGINERSIN,EQ,7290224,3943193,54.09
20,417,ENIL,EQ,5626,4024,71.53
20,418,EQUITAS,EQ,25884696,3175853,12.27
20,419,ERFLNCDI,N1,12,12,100.00
20,420,ERFLNCDI,N5,72,71,98.61
20,421,ERIS,EQ,22799,11793,51.73
20,422,EROSMEDIA,EQ,1186255,783695,66.06
20,423,ESABINDIA,EQ,5593,2854,51.03
20,424,ESCORTS,EQ,5154023,696058,13.51
20,425,ESSARSHPNG,EQ,112261,99483,88.62
20,426,ESSELPACK,EQ,195973,89162,45.50
20,427,ESTER,EQ,49602,35169,70.90
20,428,EUROMULTI,EQ,1200,1200,100.00
20,429,EVERESTIND,EQ,39700,23700,59.70
20,430,EXCEL,EQ,4960,4960,100.00
20,431,EXCELINDUS,EQ,5973,3943,66.01
20,432,EXIDEIND,EQ,2738906,1098222,40.10
20,433,EXPLEOSOL,EQ,13830,12022,86.93
20,434,FACT,EQ,289731,131724,45.46
20,435,FAIRCHEM,EQ,61469,31651,51.49
20,436,FCL,EQ,81651,59199,72.50
20,437,FCONSUMER,EQ,364315,364315,100.00
20,438,FCSSOFT,EQ,1201019,586388,48.82
20,439,FDC,EQ,180107,88174,48.96
20,440,FEDERALBNK,EQ,41150967,10511896,25.54
20,441,FEL,EQ,20305,20305,100.00
20,442,FELDVR,EQ,867,867,100.00
20,443,FIEMIND,EQ,31221,11890,38.08
20,444,FILATEX,EQ,130944,111554,85.19
20,445,FINCABLES,EQ,51403,37150,72.27
20,446,FINEORG,EQ,3779,1962,51.92
20,447,FINPIPE,EQ,23328,12200,52.30
20,448,FLEXITUFF,EQ,3073,3073,100.00
20,449,FLFL,EQ,218340,138953,63.64
20,450,FLUOROCHEM,EQ,9724,5535,56.92
20,451,FMGOETZE,EQ,2315,1864,80.52
20,452,FMNL,EQ,39476,39124,99.11
20,453,FOCUS,SM,3000,3000,100.00
20,454,FORCEMOT,EQ,112425,27651,24.60
20,455,FORTIS,EQ,1182246,829065,70.13
20,456,FOSECOIND,EQ,627,317,50.56
20,457,FRETAIL,EQ,4119152,2641086,64.12
20,458,FSC,EQ,142910,108642,76.02
20,459,FSL,EQ,2031952,896267,44.11
20,460,GABRIEL,EQ,124226,88512,71.25
20,461,GAEL,EQ,33439,16856,50.41
20,462,GAIL,EQ,11384010,4184570,36.76
20,463,GAL,EQ,29861,21613,72.38
20,464,GALAXYSURF,EQ,46054,22903,49.73
20,465,GALLANTT,EQ,19196,9028,47.03
20,466,GALLISPAT,EQ,3774,2492,66.03
20,467,GAMMNINFRA,EQ,2696442,1988333,73.74
20,468,GANDHITUBE,EQ,772,497,64.38
20,469,GANECOS,EQ,2280,1774,77.81
20,470,GANESHHOUC,EQ,17441,9475,54.33
20,471,GANGESSECU,EQ,8537,7312,85.65
20,472,GARFIBRES,EQ,5368,2775,51.70
20,473,GATI,EQ,855664,612427,71.57
20,474,GAYAHWS,EQ,21729,21729,100.00
20,475,GAYAPROJ,EQ,588396,501631,85.25
20,476,GBGLOBAL,EQ,767,767,100.00
20,477,GDL,EQ,124229,66537,53.56
20,478,GEECEE,EQ,4443,2360,53.12
20,479,GEEKAYWIRE,EQ,4312,2938,68.14
20,480,GENESYS,EQ,24014,19433,80.92
20,481,GENUSPAPER,EQ,139239,128511,92.30
20,482,GENUSPOWER,EQ,215182,161583,75.09
20,483,GEOJITFSL,EQ,322062,261828,81.30
20,484,GEPIL,EQ,32922,17233,52.34
20,485,GESHIP,EQ,80375,56858,70.74
20,486,GET&D,EQ,33801,23560,69.70
20,487,GFLLIMITED,EQ,23639,17670,74.75
20,488,GFSTEELS,EQ,202,202,100.00
20,489,GHCL,EQ,225202,142541,63.29
20,490,GICHSGFIN,EQ,478614,227800,47.60
20,491,GICRE,EQ,77417,59023,76.24
20,492,GILLANDERS,EQ,4497,1965,43.70
20,493,GILLETTE,EQ,13679,7375,53.91
20,494,GINNIFILA,EQ,19348,15243,78.78
20,495,GIPCL,EQ,120652,85654,70.99
20,496,GISOLUTION,EQ,200,200,100.00
20,497,GKWLIMITED,EQ,59,29,49.15
20,498,GLAXO,EQ,51378,20356,39.62
20,499,GLENMARK,EQ,6631166,1448685,21.85
20,500,GLOBAL,SM,8000,8000,100.00
20,501,GLOBALVECT,EQ,9934,6161,62.02
20,502,GLOBOFFS,EQ,7079,5079,71.75
20,503,GLOBUSSPR,EQ,154484,65758,42.57
20,504,GMBREW,EQ,278565,51889,18.63
20,505,GMDCLTD,EQ,3298800,1327921,40.25
20,506,GMMPFAUDLR,EQ,86228,39012,45.24
20,507,GMRINFRA,EQ,14755287,7234735,49.03
20,508,GNA,EQ,313501,56160,17.91
20,509,GNFC,EQ,533740,206132,38.62
20,510,GOACARBON,EQ,2184,2184,100.00
20,511,GOCLCORP,EQ,6524,4758,72.93
20,512,GODFRYPHLP,EQ,120794,30168,24.97
20,513,GODHA,SM,8000,8000,100.00
20,514,GODREJAGRO,EQ,82274,41342,50.25
20,515,GODREJCP,EQ,2264518,1243295,54.90
20,516,GODREJIND,EQ,297226,167791,56.45
20,517,GODREJPROP,EQ,325474,100794,30.97
20,518,GOKEX,EQ,159356,116254,72.95
20,519,GOKUL,EQ,16822,12258,72.87
20,520,GOKULAGRO,EQ,21469,15623,72.77
20,521,GOLDBEES,EQ,7653343,4337197,56.67
20,522,GOLDENTOBC,EQ,8441,3098,36.70
20,523,GOLDIAM,EQ,100021,63143,63.13
20,524,GOLDSHARE,EQ,3475,2531,72.83
20,525,GOLDTECH,EQ,13804,10978,79.53
20,526,GOODLUCK,EQ,162858,66509,40.84
20,527,GPIL,EQ,76036,43682,57.45
20,528,GPPL,EQ,939918,551821,58.71
20,529,GPTINFRA,EQ,29944,17517,58.50
20,530,GRANULES,EQ,2352451,610318,25.94
20,531,GRAPHITE,EQ,55848,55848,100.00
20,532,GRASIM,EQ,2730995,741070,27.14
20,533,GRAVITA,EQ,68302,39901,58.42
20,534,GREAVESCOT,EQ,442980,273780,61.80
20,535,GREENLAM,EQ,2845,2253,79.19
20,536,GREENPANEL,EQ,30705,25915,84.40
20,537,GREENPLY,EQ,278170,91748,32.98
20,538,GREENPOWER,EQ,10741,10741,100.00
20,539,GRINDWELL,EQ,39577,10894,27.53
20,540,GROBTEA,EQ,61,61,100.00
20,541,GRPLTD,EQ,613,418,68.19
20,542,GRSE,EQ,411584,102277,24.85
20,543,GSCLCEMENT,EQ,28466,15987,56.16
20,544,GSFC,EQ,751359,451061,60.03
20,545,GSPL,EQ,493331,191584,38.83
20,546,GSS,EQ,44880,34559,77.00
20,547,GTL,EQ,151355,123151,81.37
20,548,GTNIND,EQ,1,1,100.00
20,549,GTPL,EQ,126103,83918,66.55
20,550,GUFICBIO,EQ,21674,15499,71.51
20,551,GUJALKALI,EQ,122175,59064,48.34
20,552,GUJAPOLLO,EQ,2101,1553,73.92
20,553,GUJGASLTD,EQ,364447,202008,55.43
20,554,GULFOILLUB,EQ,7812,4586,58.70
20,555,GULFPETRO,EQ,41151,26701,64.89
20,556,GULPOLY,EQ,20323,15928,78.37
20,557,GVKPIL,EQ,2147681,1520306,70.79
20,558,HAL,EQ,48118,23224,48.26
20,559,HARITASEAT,EQ,18762,8445,45.01
20,560,HARRMALAYA,EQ,23228,11461,49.34
20,561,HATHWAY,EQ,232622,137800,59.24
20,562,HATSUN,EQ,3690,1942,52.63
20,563,HAVELLS,EQ,3634673,1152641,31.71
20,564,HBLPOWER,EQ,132784,83409,62.82
20,565,HBSL,EQ,1574,1574,100.00
20,566,HCC,EQ,313510,313510,100.00
20,567,HCG,EQ,85919,62902,73.21
20,568,HCL-INSYS,EQ,81697,81697,100.00
20,569,HCLTECH,EQ,4706460,2243641,47.67
20,570,HDFC,EQ,8954559,4149937,46.34
20,571,HDFCAMC,EQ,306746,118179,38.53
20,572,HDFCBANK,EQ,27941831,13482185,48.25
20,573,HDFCLIFE,EQ,6525356,2896405,44.39
20,574,HDFCMFGETF,EQ,25337,19472,76.85
20,575,HDFCNIFETF,EQ,8061,5843,72.48
20,576,HDFCSENETF,EQ,1438,1301,90.47
20,577,HEG,EQ,12674,12674,100.00
20,578,HEIDELBERG,EQ,505164,245859,48.67
20,579,HEOF1126RD,MF,15000,15000,100.00
20,580,HEOF1126RG,MF,10500,10500,100.00
20,581,HERCULES,EQ,430272,130463,30.32
20,582,HERITGFOOD,EQ,44483,41976,94.36
20,583,HEROMOTOCO,EQ,1327772,501505,37.77
20,584,HESTERBIO,EQ,6077,4927,81.08
20,585,HEXAWARE,EQ,196953,135326,68.71
20,586,HFCL,EQ,1806930,1475000,81.63
20,587,HGINFRA,EQ,13902,5648,40.63
20,588,HGS,EQ,7876,5720,72.63
20,589,HHOF1140RD,MF,64,64,100.00
20,590,HHOF1140RG,MF,24799,19099,77.02
20,591,HIKAL,EQ,242563,164582,67.85
20,592,HIL,EQ,31313,17863,57.05
20,593,HILTON,EQ,2926,2259,77.20
20,594,HIMATSEIDE,EQ,144078,94922,65.88
20,595,HINDALCO,EQ,14577305,3473248,23.83
20,596,HINDCOMPOS,EQ,7840,4269,54.45
20,597,HINDCOPPER,EQ,1063408,362230,34.06
20,598,HINDMOTORS,EQ,147396,98245,66.65
20,599,HINDNATGLS,EQ,9137,6127,67.06
20,600,HINDOILEXP,EQ,382927,264684,69.12
20,601,HINDPETRO,EQ,3891768,1322270,33.98
20,602,HINDUNILVR,EQ,4540967,2245797,49.46
20,603,HINDZINC,EQ,438775,217014,49.46
20,604,HIRECT,EQ,8275,5894,71.23
20,605,HISARMETAL,EQ,4344,2954,68.00
20,606,HITECH,EQ,8900,7092,79.69
20,607,HITECHCORP,EQ,4662,3668,78.68
20,608,HITECHGEAR,EQ,5436,2823,51.93
20,609,HLVLTD,EQ,123688,92910,75.12
20,610,HMVL,EQ,26652,23315,87.48
20,611,HNDFDS,EQ,4329,3251,75.10
20,612,HNGSNGBEES,EQ,733,317,43.25
20,613,HONAUT,EQ,3542,2431,68.63
20,614,HONDAPOWER,EQ,4202,3131,74.51
20,615,HOVS,EQ,9247,9237,99.89
20,616,HPL,EQ,62799,33053,52.63
20,617,HSCL,EQ,718578,386286,53.76
20,618,HSIL,EQ,132546,75813,57.20
20,619,HTMEDIA,EQ,171500,134260,78.29
20,620,HUBTOWN,EQ,51333,47245,92.04
20,621,HUDCO,EQ,2037297,738367,36.24
20,622,HUDCO,N2,500,500,100.00
20,623,HUDCO,N3,732,732,100.00
20,624,HUDCO,N8,824,804,97.57
20,625,HUDCO,N9,1993,1550,77.77
20,626,HUDCO,ND,363,363,100.00
20,627,HUDCO,NE,466,466,100.00
20,628,IBMFNIFTY,EQ,3478,860,24.73
20,629,IBREALEST,EQ,1327155,668827,50.40
20,630,IBUCCREDIT,N2,170,170,100.00
20,631,IBUCCREDIT,N4,58,58,100.00
20,632,IBUCCREDIT,N6,14,14,100.00
20,633,IBULHSGFIN,EQ,82091441,8318970,10.13
20,634,IBULHSGFIN,N7,80,60,75.00
20,635,IBULHSGFIN,N8,177,175,98.87
20,636,IBULHSGFIN,NA,1938,1855,95.72
20,637,IBULHSGFIN,NB,2,0,0.00
20,638,IBULISL,EQ,220236,156452,71.04
20,639,IBVENTURES,E3,5501,5501,100.00
20,640,IBVENTURES,EQ,1133839,414898,36.59
20,641,ICEMAKE,SM,4000,2000,50.00
20,642,ICFL,N1,73,73,100.00
20,643,ICFL,N2,97,97,100.00
20,644,ICFL,N3,321,321,100.00
20,645,ICFL,N7,5,5,100.00
20,646,ICFL,N9,50,50,100.00
20,647,ICICI500,EQ,5516,4826,87.49
20,648,ICICIB22,EQ,512535,378408,73.83
20,649,ICICIBANK,EQ,69008019,14016794,20.31
20,650,ICICIBANKN,EQ,20792,8025,38.60
20,651,ICICIBANKP,EQ,4904,2791,56.91
20,652,ICICIGI,EQ,701251,475989,67.88
20,653,ICICIGOLD,EQ,114956,82490,71.76
20,654,ICICILIQ,EQ,13724,9685,70.57
20,655,ICICILOVOL,EQ,319367,285483,89.39
20,656,ICICIM150,EQ,2131,1440,67.57
20,657,ICICIMCAP,EQ,4836,3732,77.17
20,658,ICICINF100,EQ,1623,1451,89.40
20,659,ICICINIFTY,EQ,282961,146130,51.64
20,660,ICICINV20,EQ,13818,11820,85.54
20,661,ICICINXT50,EQ,22643,19984,88.26
20,662,ICICIPRULI,EQ,5684533,1132100,19.92
20,663,ICICISENSX,EQ,2788,1792,64.28
20,664,ICIL,EQ,73111,53900,73.72
20,665,ICRA,EQ,778,636,81.75
20,666,IDBI,EQ,1836808,844107,45.96
20,667,IDBIGOLD,EQ,94,59,62.77
20,668,IDEA,EQ,536920091,124402090,23.17
20,669,IDFC,EQ,3554984,2819793,79.32
20,670,IDFCFIRSTB,EQ,42576289,10221607,24.01
20,671,IDFCFIRSTB,N1,4,4,100.00
20,672,IDFCFIRSTB,N2,19,16,84.21
20,673,IDFCFIRSTB,N3,4,4,100.00
20,674,IDFCFIRSTB,NA,12,6,50.00
20,675,IDFCFIRSTB,NE,82,82,100.00
20,676,IDFNIFTYET,EQ,3282,1413,43.05
20,677,IEX,EQ,158048,56261,35.60
20,678,IFBAGRO,EQ,4585,3409,74.35
20,679,IFBIND,EQ,80364,40709,50.66
20,680,IFCI,EQ,4727208,2262097,47.85
20,681,IFCI,NF,60,60,100.00
20,682,IFCI,NH,170,127,74.71
20,683,IFCI,NI,5,5,100.00
20,684,IFCI,NL,22,22,100.00
20,685,IFGLEXPOR,EQ,2110,2110,100.00
20,686,IGARASHI,EQ,430580,82184,19.09
20,687,IGL,EQ,3919802,1818650,46.40
20,688,IGPL,EQ,5137,5136,99.98
20,689,IIFCL,N4,38,38,100.00
20,690,IIFL,EQ,254685,193659,76.04
20,691,IIFLFIN,NE,3059,3009,98.37
20,692,IIFLFIN,NF,884,867,98.08
20,693,IIFLFIN,NG,975,975,100.00
20,694,IIFLFIN,NH,494,494,100.00
20,695,IIFLFIN,NJ,1201,1111,92.51
20,696,IIFLFIN,NK,39,39,100.00
20,697,IIFLSEC,EQ,180542,160659,88.99
20,698,IIFLWAM,EQ,9448,6397,67.71
20,699,IMFA,EQ,11237,5798,51.60
20,700,IMPAL,EQ,20893,3576,17.12
20,701,INDBANK,EQ,75862,54261,71.53
20,702,INDHOTEL,EQ,1368527,624687,45.65
20,703,INDIACEM,EQ,1762891,574532,32.59
20,704,INDIAGLYCO,EQ,269206,90041,33.45
20,705,INDIAMART,EQ,33498,18789,56.09
20,706,INDIANB,EQ,2060268,956555,46.43
20,707,INDIANCARD,EQ,558,422,75.63
20,708,INDIANHUME,EQ,58209,36152,62.11
20,709,INDIGO,EQ,2810726,393063,13.98
20,710,INDIGRID,IV,343602,321489,93.56
20,711,INDLMETER,EQ,787,787,100.00
20,712,INDNIPPON,EQ,55886,40790,72.99
20,713,INDOCO,EQ,179608,121622,67.72
20,714,INDORAMA,EQ,62732,52939,84.39
20,715,INDOSTAR,EQ,61789,34348,55.59
20,716,INDOTECH,EQ,4742,4147,87.45
20,717,INDOTHAI,EQ,15839,9009,56.88
20,718,INDOWIND,EQ,51803,38122,73.59
20,719,INDRAMEDCO,EQ,909358,283034,31.12
20,720,INDTERRAIN,EQ,10317,9792,94.91
20,721,INDUSINDBK,EQ,26188773,3912170,14.94
20,722,INEOSSTYRO,EQ,5891,4353,73.89
20,723,INFIBEAM,EQ,1692930,656599,38.78
20,724,INFOMEDIA,EQ,28120,28120,100.00
20,725,INFRABEES,EQ,14256,13892,97.45
20,726,INFRATEL,EQ,4417192,1943363,44.00
20,727,INFY,EQ,8878372,4596958,51.78
20,728,INGERRAND,EQ,92665,79152,85.42
20,729,INNOVATIVE,SM,3000,3000,100.00
20,730,INOXLEISUR,EQ,839182,451330,53.78
20,731,INOXWIND,EQ,64740,57232,88.40
20,732,INSECTICID,EQ,19765,14502,73.37
20,733,INSPIRISYS,EQ,8325,6462,77.62
20,734,INTEGRA,EQ,50,50,100.00
20,735,INTELLECT,EQ,56804,52664,92.71
20,736,INTENTECH,EQ,8854,6047,68.30
20,737,IOB,EQ,1256909,639633,50.89
20,738,IOC,EQ,9160107,3308108,36.11
20,739,IOLCP,EQ,313685,155844,49.68
20,740,IPCALAB,EQ,921863,402821,43.70
20,741,IRB,EQ,3771607,752571,19.95
20,742,IRBINVIT,IV,1147500,1082500,94.34
20,743,IRCON,EQ,2095928,789533,37.67
20,744,IRCTC,EQ,1950259,528660,27.11
20,745,IREDA,N4,20,20,100.00
20,746,IREDA,N5,100,100,100.00
20,747,IREDA,N7,100,100,100.00
20,748,IRFC,N1,899,812,90.32
20,749,IRFC,N2,5,5,100.00
20,750,IRFC,N3,200,200,100.00
20,751,IRFC,N4,15,15,100.00
20,752,IRFC,N7,120,120,100.00
20,753,IRFC,N9,330,330,100.00
20,754,IRFC,NA,70,70,100.00
20,755,IRFC,NE,245,243,99.18
20,756,IRFC,NF,1000,1000,100.00
20,757,IRFC,NK,217,217,100.00
20,758,IRFC,NN,101,100,99.01
20,759,IRFC,NO,1345,1200,89.22
20,760,ISEC,EQ,164635,69946,42.49
20,761,ISFT,EQ,941,941,100.00
20,762,ISMTLTD,EQ,38890,28714,73.83
20,763,ITC,EQ,26669272,15744641,59.04
20,764,ITDC,EQ,171476,42724,24.92
20,765,ITDCEM,EQ,524009,245011,46.76
20,766,ITI,EQ,1887711,546484,28.95
20,767,IVC,EQ,167883,100923,60.12
20,768,IVZINGOLD,EQ,73,40,54.79
20,769,IZMO,EQ,5219,5085,97.43
20,770,JAGRAN,EQ,122417,64079,52.34
20,771,JAGSNPHARM,EQ,87847,63031,71.75
20,772,JAICORPLTD,EQ,3023960,467447,15.46
20,773,JAKHARIA,SM,25600,25600,100.00
20,774,JALAN,SM,6000,6000,100.00
20,775,JAMNAAUTO,EQ,4518993,2744207,60.73
20,776,JAYAGROGN,EQ,69060,26788,38.79
20,777,JAYBARMARU,EQ,14142,12634,89.34
20,778,JAYNECOIND,EQ,14971,11665,77.92
20,779,JBCHEPHARM,EQ,122630,85710,69.89
20,780,JBMA,EQ,11258,9686,86.04
20,781,JCHAC,EQ,11496,5065,44.06
20,782,JHS,EQ,61810,50854,82.27
20,783,JINDALPHOT,EQ,30034,26496,88.22
20,784,JINDALPOLY,EQ,13388,8875,66.29
20,785,JINDALSAW,EQ,761559,379438,49.82
20,786,JINDALSTEL,EQ,18261618,2529445,13.85
20,787,JINDRILL,EQ,21764,10376,47.68
20,788,JINDWORLD,EQ,33294,14904,44.76
20,789,JISLDVREQS,EQ,8136,8136,100.00
20,790,JISLJALEQS,EQ,112139,112139,100.00
20,791,JIYAECO,EQ,6156,6156,100.00
20,792,J&KBANK,EQ,3031448,1799023,59.35
20,793,JKCEMENT,EQ,113591,45164,39.76
20,794,JKIL,EQ,286137,169491,59.23
20,795,JKLAKSHMI,EQ,679693,195268,28.73
20,796,JKPAPER,EQ,976995,324829,33.25
20,797,JKTYRE,EQ,1071279,581338,54.27
20,798,JMA,EQ,8076,4663,57.74
20,799,JMCPROJECT,EQ,406944,249595,61.33
20,800,JMFINANCIL,EQ,1288626,433845,33.67
20,801,JMTAUTOLTD,EQ,200530,200233,99.85
20,802,JOCIL,EQ,1733,1584,91.40
20,803,JPASSOCIAT,EQ,1738658,1734658,99.77
20,804,JPOLYINVST,EQ,2957,2407,81.40
20,805,JSL,EQ,327552,187018,57.10
20,806,JSLHISAR,EQ,121366,95142,78.39
20,807,JSWENERGY,EQ,1054214,550036,52.17
20,808,JSWHL,EQ,668,335,50.15
20,809,JSWSTEEL,EQ,10104852,2618168,25.91
20,810,JTEKTINDIA,EQ,566669,213261,37.63
20,811,JUBILANT,EQ,229944,174077,75.70
20,812,JUBLFOOD,EQ,1899614,523564,27.56
20,813,JUBLINDS,EQ,15228,11569,75.97
20,814,JUMPNET,EQ,283217,261384,92.29
20,815,JUNIORBEES,EQ,69153,32054,46.35
20,816,JUSTDIAL,EQ,3952243,236582,5.99
20,817,JYOTHYLAB,EQ,223354,117828,52.75
20,818,KABRAEXTRU,EQ,14834,10025,67.58
20,819,KAJARIACER,EQ,479400,348375,72.67
20,820,KAKATCEM,EQ,14439,8294,57.44
20,821,KALPATPOWR,EQ,329667,181743,55.13
20,822,KAMATHOTEL,EQ,19287,11878,61.59
20,823,KAMDHENU,EQ,46747,26642,56.99
20,824,KANANIIND,EQ,5306,5306,100.00
20,825,KANORICHEM,EQ,35844,16205,45.21
20,826,KANSAINER,EQ,451211,350371,77.65
20,827,KARDA,EQ,2415,1103,45.67
20,828,KARMAENG,EQ,4990,2830,56.71
20,829,KARURVYSYA,EQ,1096369,805431,73.46
20,830,KAUSHALYA,EQ,1960,1960,100.00
20,831,KAYA,EQ,23582,11680,49.53
20,832,KCP,EQ,51538,41875,81.25
20,833,KCPSUGIND,EQ,108366,75113,69.31
20,834,KDDL,EQ,20673,20016,96.82
20,835,KEC,EQ,829071,434180,52.37
20,836,KECL,EQ,93075,67622,72.65
20,837,KEI,EQ,148318,109357,73.73
20,838,KELLTONTEC,EQ,17098,17098,100.00
20,839,KENNAMET,EQ,2297,1083,47.15
20,840,KESORAMIND,EQ,142765,80500,56.39
20,841,KHADIM,EQ,136005,74930,55.09
20,842,KHANDSE,EQ,649,649,100.00
20,843,KHFM,SM,3000,3000,100.00
20,844,KICL,EQ,647,466,72.02
20,845,KILITCH,EQ,20776,9497,45.71
20,846,KINGFA,EQ,3834,2460,64.16
20,847,KIOCL,EQ,3934,3704,94.15
20,848,KIRIINDUS,EQ,55023,28547,51.88
20,849,KIRLFER,EQ,14225,10058,70.71
20,850,KIRLOSBROS,EQ,43639,24019,55.04
20,851,KIRLOSENG,EQ,21178,10746,50.74
20,852,KIRLOSIND,EQ,1395,830,59.50
20,853,KITEX,EQ,100936,64145,63.55
20,854,KKCL,EQ,2026,1059,52.27
20,855,KMSUGAR,EQ,155113,107474,69.29
20,856,KNRCON,EQ,910533,178901,19.65
20,857,KOKUYOCMLN,EQ,50592,22165,43.81
20,858,KOLTEPATIL,EQ,281777,70080,24.87
20,859,KOPRAN,EQ,84103,52281,62.16
20,860,KOTAKBANK,EQ,8585462,3650288,42.52
20,861,KOTAKBKETF,EQ,728862,381494,52.34
20,862,KOTAKGOLD,EQ,83815,55411,66.11
20,863,KOTAKNIFTY,EQ,355211,132551,37.32
20,864,KOTAKNV20,EQ,63183,50582,80.06
20,865,KOTAKPSUBK,EQ,13004,8754,67.32
20,866,KOTARISUG,EQ,38406,36089,93.97
20,867,KOTHARIPET,EQ,53929,49503,91.79
20,868,KOTHARIPRO,EQ,4667,3194,68.44
20,869,KPITTECH,EQ,151262,126106,83.37
20,870,KPRMILL,EQ,16581,9960,60.07
20,871,KRBL,EQ,47414,46380,97.82
20,872,KREBSBIO,EQ,47812,23595,49.35
20,873,KRIDHANINF,EQ,18792,18792,100.00
20,874,KSB,EQ,26492,18011,67.99
20,875,KSCL,EQ,199790,62042,31.05
20,876,KSERASERA,EQ,2946625,2401110,81.49
20,877,KSK,EQ,430811,287398,66.71
20,878,KSL,EQ,31124,18680,60.02
20,879,KTKBANK,EQ,2985737,1955347,65.49
20,880,KUANTUM,EQ,864,353,40.86
20,881,KWALITY,EQ,212486,212486,100.00
20,882,LAKSHVILAS,EQ,308684,271471,87.94
20,883,LALPATHLAB,EQ,149481,72840,48.73
20,884,LAMBODHARA,EQ,5244,3040,57.97
20,885,LAOPALA,EQ,171875,77416,45.04
20,886,LAURUSLABS,EQ,339242,162286,47.84
20,887,LAXMIMACH,EQ,3189,1937,60.74
20,888,LEMONTREE,EQ,3902141,2897823,74.26
20,889,LEXUS,SM,8000,7000,87.50
20,890,LFIC,EQ,2630,404,15.36
20,891,LGBBROSLTD,EQ,52837,17686,33.47
20,892,LGBFORGE,EQ,14716,14704,99.92
20,893,LGHL,ST,1008000,976000,96.83
20,894,LIBERTSHOE,EQ,85758,33876,39.50
20,895,LICHSGFIN,EQ,7112575,833700,11.72
20,896,LICNETFGSC,EQ,22226,19565,88.03
20,897,LICNETFN50,EQ,415,251,60.48
20,898,LICNFNHGP,EQ,309,116,37.54
20,899,LINCOLN,EQ,50025,27991,55.95
20,900,LINCPEN,EQ,1203,1100,91.44
20,901,LINDEINDIA,EQ,78724,36749,46.68
20,902,LIQUIDBEES,EQ,2189395,1947829,88.97
20,903,LIQUIDETF,EQ,56664,29947,52.85
20,904,LOKESHMACH,EQ,74829,46797,62.54
20,905,LOTUSEYE,EQ,20063,1757,8.76
20,906,LOVABLE,EQ,13214,9402,71.15
20,907,LPDC,EQ,17224,16046,93.16
20,908,LSIL,EQ,987730,619299,62.70
20,909,LT,EQ,5827735,2256092,38.71
20,910,L&TFH,EQ,43283797,6002687,13.87
20,911,L&TFINANCE,N8,25,25,100.00
20,912,L&TFINANCE,NA,40,40,100.00
20,913,L&TFINANCE,NC,61,61,100.00
20,914,L&TFINANCE,NE,333,273,81.98
20,915,L&TFINANCE,NI,3,3,100.00
20,916,L&TFINANCE,NK,83,83,100.00
20,917,L&TFINANCE,NO,178,178,100.00
20,918,L&TFINANCE,NQ,75,75,100.00
20,919,L&TFINANCE,NS,50,50,100.00
20,920,L&TFINANCE,NU,796,524,65.83
20,921,L&TFINANCE,NW,60,60,100.00
20,922,L&TFINANCE,NY,356,256,71.91
20,923,L&TFINANCE,Y3,86,86,100.00
20,924,L&TFINANCE,Y5,100,100,100.00
20,925,L&TFINANCE,Y9,1634,1289,78.89
20,926,LTI,EQ,131889,90508,68.62
20,927,L&TINFRA,N1,336,336,100.00
20,928,L&TINFRA,N2,24,24,100.00
20,929,L&TINFRA,N3,669,660,98.65
20,930,L&TINFRA,N4,219,208,94.98
20,931,L&TINFRA,N5,20,20,100.00
20,932,L&TINFRA,N6,424,424,100.00
20,933,LTMFEOF2R,MF,4000,4000,100.00
20,934,LTTS,EQ,103971,72319,69.56
20,935,LUMAXIND,EQ,2705,1625,60.07
20,936,LUMAXTECH,EQ,28949,20133,69.55
20,937,LUPIN,EQ,3328245,711106,21.37
20,938,LUXIND,EQ,48248,10763,22.31
20,939,LYKALABS,EQ,74174,40936,55.19
20,940,LYPSAGEMS,EQ,14565,13357,91.71
20,941,M100,EQ,72891,52408,71.90
20,942,M14RG,MF,5002,5002,100.00
20,943,M50,EQ,1787,1612,90.21
20,944,MAANALU,EQ,7528,4952,65.78
20,945,MACPOWER,SM,3500,3000,85.71
20,946,MADHAV,EQ,1729,1698,98.21
20,947,MADHUCON,EQ,926,926,100.00
20,948,MAGADSUGAR,EQ,31684,19373,61.14
20,949,MAGMA,EQ,1645468,1099240,66.80
20,950,MAHABANK,EQ,535882,331748,61.91
20,951,MAHEPC,EQ,41363,25017,60.48
20,952,MAHESHWARI,EQ,4147,3493,84.23
20,953,MAHICKRA,SM,4500,4500,100.00
20,954,MAHINDCIE,EQ,156246,99339,63.58
20,955,MAHLIFE,EQ,28784,17044,59.21
20,956,MAHLOG,EQ,53828,25523,47.42
20,957,MAHSCOOTER,EQ,16970,12496,73.64
20,958,MAHSEAMLES,EQ,202481,122414,60.46
20,959,MAITHANALL,EQ,19020,11667,61.34
20,960,MAJESCO,EQ,6223,4313,69.31
20,961,MALUPAPER,EQ,39495,23625,59.82
20,962,MAN50ETF,EQ,4060,1902,46.85
20,963,MANAKALUCO,EQ,19457,16553,85.07
20,964,MANAKCOAT,EQ,721,671,93.07
20,965,MANAKSTEEL,EQ,4465,4465,100.00
20,966,MANALIPETC,EQ,721578,541201,75.00
20,967,MANAPPURAM,EQ,14765229,2932796,19.86
20,968,MANGCHEFER,EQ,105151,89551,85.16
20,969,MANGLMCEM,EQ,46691,25969,55.62
20,970,MANGTIMBER,EQ,324,322,99.38
20,971,MANINDS,EQ,153777,96386,62.68
20,972,MANINFRA,EQ,238691,182823,76.59
20,973,MANUGRAPH,EQ,18400,14088,76.57
20,974,MANXT50,EQ,715,440,61.54
20,975,MARALOVER,EQ,13305,11730,88.16
20,976,MARATHON,EQ,7774,6644,85.46
20,977,MARICO,EQ,3122457,981635,31.44
20,978,MARINE,SM,12000,6000,50.00
20,979,MARKSANS,EQ,2239561,1076157,48.05
20,980,MARSHALL,SM,6000,6000,100.00
20,981,MARUTI,EQ,2192907,623330,28.42
20,982,MASFIN,EQ,17788,13144,73.89
20,983,MASTEK,EQ,64600,34870,53.98
20,984,MATRIMONY,EQ,45286,17100,37.76
20,985,MAWANASUG,EQ,99970,67344,67.36
20,986,MAXINDIA,EQ,143308,101447,70.79
20,987,MAXVIL,EQ,62012,43484,70.12
20,988,MAYURUNIQ,EQ,48251,34287,71.06
20,989,MAZDA,EQ,22528,14034,62.30
20,990,MBLINFRA,EQ,8829,8828,99.99
20,991,MCDHOLDING,EQ,45193,38972,86.23
20,992,MCDOWELL-N,EQ,6951584,2715256,39.06
20,993,MCL,SM,4800,4800,100.00
20,994,MCLEODRUSS,EQ,11954,11954,100.00
20,995,MCX,EQ,614914,180652,29.38
20,996,MDL,SM,4000,4000,100.00
20,997,MEGASOFT,EQ,15122,11032,72.95
20,998,MEGH,EQ,791174,306895,38.79
20,999,MENONBE,EQ,34281,23731,69.22
20,1000,MEP,EQ,16206,16206,100.00
20,1001,METALFORGE,EQ,14993,11774,78.53
20,1002,METROPOLIS,EQ,304461,196373,64.50
20,1003,MFSL,EQ,1816629,216203,11.90
20,1004,MGEL,SM,2000,2000,100.00
20,1005,MGL,EQ,1364794,546088,40.01
20,1006,MHHL,SM,3000,3000,100.00
20,1007,MHRIL,EQ,218762,93710,42.84
20,1008,MIC,EQ,46892,34842,74.30
20,1009,MIDHANI,EQ,1938957,449108,23.16
20,1010,MINDACORP,EQ,1322264,269828,20.41
20,1011,MINDAIND,EQ,379063,87395,23.06
20,1012,MINDTECK,EQ,10710,8253,77.06
20,1013,MINDTREE,EQ,555017,163967,29.54
20,1014,MIRCELECTR,EQ,329435,275094,83.50
20,1015,MIRZAINT,EQ,166654,94399,56.64
20,1016,MITTAL,SM,10000,1250,12.50
20,1017,M&M,EQ,6178611,1768406,28.62
20,1018,M&MFIN,EQ,13148854,3324954,25.29
20,1019,M&MFIN,N2,717,689,96.09
20,1020,M&MFIN,N3,90,90,100.00
20,1021,MMFL,EQ,108323,102772,94.88
20,1022,MMP,EQ,2763,1187,42.96
20,1023,MMTC,EQ,1593057,473312,29.71
20,1024,MOHOTAIND,EQ,2,1,50.00
20,1025,MOIL,EQ,2230147,658483,29.53
20,1026,MOKSH,SM,3000,3000,100.00
20,1027,MOLDTECH,EQ,28300,18789,66.39
20,1028,MOLDTKPAC,EQ,30421,18902,62.13
20,1029,MONTECARLO,EQ,10074,5250,52.11
20,1030,MORARJEE,EQ,111,111,100.00
20,1031,MOREPENLAB,EQ,1094567,679151,62.05
20,1032,MOTHERSUMI,EQ,67135739,12781088,19.04
20,1033,MOTILALOFS,EQ,160467,78689,49.04
20,1034,MOTOGENFIN,EQ,9053,3795,41.92
20,1035,MPHASIS,EQ,276442,96183,34.79
20,1036,MPSLTD,EQ,4556,2996,65.76
20,1037,MRF,EQ,15847,2005,12.65
20,1038,MRPL,EQ,1627200,523342,32.16
20,1039,MSTCLTD,EQ,135906,56653,41.69
20,1040,MTEDUCARE,EQ,27943,27943,100.00
20,1041,MTNL,EQ,926595,630069,68.00
20,1042,MUKANDENGG,EQ,1895,1754,92.56
20,1043,MUKANDLTD,EQ,1760,1760,100.00
20,1044,MUKANDLTD,P1,301,301,100.00
20,1045,MUKTAARTS,EQ,10049,6123,60.93
20,1046,MUNJALAU,EQ,1286556,329843,25.64
20,1047,MUNJALSHOW,EQ,97913,51265,52.36
20,1048,MURUDCERA,EQ,169025,100366,59.38
20,1049,MUTHOOTCAP,EQ,37262,27541,73.91
20,1050,MUTHOOTFIN,EQ,4064072,466173,11.47
20,1051,N100,EQ,92242,71511,77.53
20,1052,NABARD,N1,662,305,46.07
20,1053,NABARD,N2,14799,12439,84.05
20,1054,NACLIND,EQ,17946,10826,60.33
20,1055,NAGREEKCAP,EQ,2218,2218,100.00
20,1056,NAGREEKEXP,EQ,12766,9982,78.19
20,1057,NAHARCAP,EQ,2572,2363,91.87
20,1058,NAHARINDUS,EQ,12377,6939,56.06
20,1059,NAHARPOLY,EQ,9938,9087,91.44
20,1060,NAHARSPING,EQ,6938,5128,73.91
20,1061,NAM-INDIA,EQ,1535106,464727,30.27
20,1062,NATCOPHARM,EQ,247448,111326,44.99
20,1063,NATHBIOGEN,EQ,14455,8831,61.09
20,1064,NATIONALUM,EQ,7136537,2110684,29.58
20,1065,NATNLSTEEL,EQ,553,553,100.00
20,1066,NAUKRI,EQ,516656,218453,42.28
20,1067,NAVINFLUOR,EQ,108117,59187,54.74
20,1068,NAVKARCORP,EQ,281322,153514,54.57
20,1069,NAVNETEDUL,EQ,62309,37481,60.15
20,1070,NBCC,EQ,9469677,4002442,42.27
20,1071,NBIFIN,EQ,662,594,89.73
20,1072,NBVENTURES,EQ,168503,121365,72.03
20,1073,NCC,EQ,42936292,6208988,14.46
20,1074,NCLIND,EQ,332236,152631,45.94
20,1075,NDGL,EQ,122,115,94.26
20,1076,NDL,EQ,151002,111607,73.91
20,1077,NDTV,EQ,20464,9902,48.39
20,1078,NECCLTD,EQ,54888,40999,74.70
20,1079,NECLIFE,EQ,266734,196785,73.78
20,1080,NELCAST,EQ,288425,102655,35.59
20,1081,NELCO,EQ,548271,100192,18.27
20,1082,NESCO,EQ,55277,32463,58.73
20,1083,NESTLEIND,EQ,187271,73232,39.10
20,1084,NETF,EQ,794,793,99.87
20,1085,NETFCONSUM,EQ,1865,1358,72.82
20,1086,NETFDIVOPP,EQ,1091,407,37.31
20,1087,NETFLTGILT,EQ,334714,331570,99.06
20,1088,NETFMID150,EQ,24607,11803,47.97
20,1089,NETFNIF100,EQ,4031,3195,79.26
20,1090,NETFNV20,EQ,5965,2020,33.86
20,1091,NETWORK18,EQ,567817,366392,64.53
20,1092,NEULANDLAB,EQ,31027,23605,76.08
20,1093,NEWGEN,EQ,48821,36061,73.86
20,1094,NEXTMEDIA,EQ,15936,10231,64.20
20,1095,NFL,EQ,653633,322010,49.26
20,1096,NH,EQ,571909,507222,88.69
20,1097,NHAI,N1,3489,3447,98.80
20,1098,NHAI,N2,1412,1412,100.00
20,1099,NHAI,N4,110,110,100.00
20,1100,NHAI,N6,567,565,99.65
20,1101,NHAI,N8,360,359,99.72
20,1102,NHAI,NA,2968,2778,93.60
20,1103,NHAI,NC,250,250,100.00
20,1104,NHAI,ND,166,166,100.00
20,1105,NHAI,NE,20,20,100.00
20,1106,NHBTF2014,N4,1,1,100.00
20,1107,NHBTF2014,N6,21,21,100.00
20,1108,NHBTF2023,N4,90,90,100.00
20,1109,NHBTF2023,N6,6,6,100.00
20,1110,NHPC,EQ,5083783,3440456,67.68
20,1111,NHPC,N5,40,40,100.00
20,1112,NHPC,N6,108,105,97.22
20,1113,NIACL,EQ,316509,133598,42.21
20,1114,NIFTYBEES,EQ,2622443,845554,32.24
20,1115,NIITLTD,EQ,231586,89270,38.55
20,1116,NIITTECH,EQ,475932,98777,20.75
20,1117,NILAINFRA,EQ,72168,50293,69.69
20,1118,NILASPACES,EQ,46622,45372,97.32
20,1119,NILKAMAL,EQ,12467,6285,50.41
20,1120,NIPPOBATRY,EQ,1932,1227,63.51
20,1121,NITCO,EQ,105506,85840,81.36
20,1122,NITINSPIN,EQ,69917,44914,64.24
20,1123,NKIND,EQ,2967,1927,64.95
20,1124,NLCINDIA,EQ,829344,393587,47.46
20,1125,NMDC,EQ,5696756,2498214,43.85
20,1126,NOCIL,EQ,1343156,568349,42.31
20,1127,NOIDATOLL,EQ,57665,44259,76.75
20,1128,NORBTEAEXP,EQ,10,10,100.00
20,1129,NPBET,EQ,794,374,47.10
20,1130,NRAIL,EQ,13891,11977,86.22
20,1131,NRBBEARING,EQ,867506,430523,49.63
20,1132,NSIL,EQ,1014,557,54.93
20,1133,NTL,EQ,100,100,100.00
20,1134,NTPC,EQ,16969678,7478033,44.07
20,1135,NTPC,N4,290,180,62.07
20,1136,NTPC,N6,352,346,98.30
20,1137,NTPC,N7,591370,524886,88.76
20,1138,NTPC,NB,5,5,100.00
20,1139,NTPC,NC,364,364,100.00
20,1140,NTPC,ND,17,17,100.00
20,1141,NUCLEUS,EQ,113114,55913,49.43
20,1142,NXTDIGITAL,EQ,1928,1030,53.42
20,1143,OAL,EQ,3055,2308,75.55
20,1144,OBEROIRLTY,EQ,1801958,730263,40.53
20,1145,OCCL,EQ,10602,6075,57.30
20,1146,OFSS,EQ,232052,219934,94.78
20,1147,OIL,EQ,1388644,480275,34.59
20,1148,OILCOUNTUB,EQ,49773,32034,64.36
20,1149,OLECTRA,EQ,89583,74117,82.74
20,1150,OMAXAUTO,EQ,31694,14249,44.96
20,1151,OMAXE,EQ,217238,123004,56.62
20,1152,OMKARCHEM,EQ,18048,18048,100.00
20,1153,OMMETALS,EQ,46821,34722,74.16
20,1154,ONELIFECAP,EQ,2,2,100.00
20,1155,ONEPOINT,EQ,20017,4663,23.30
20,1156,ONGC,EQ,14565447,5064004,34.77
20,1157,ONMOBILE,EQ,156564,91773,58.62
20,1158,ONWARDTEC,EQ,4066,3379,83.10
20,1159,OPTIEMUS,EQ,50846,39764,78.20
20,1160,OPTOCIRCUI,EQ,19567,19567,100.00
20,1161,ORBTEXP,EQ,9440,6512,68.98
20,1162,ORICONENT,EQ,65668,35792,54.50
20,1163,ORIENTABRA,EQ,39996,29383,73.46
20,1164,ORIENTALTL,EQ,7108,5258,73.97
20,1165,ORIENTBELL,EQ,12335,8219,66.63
20,1166,ORIENTCEM,EQ,1117146,566429,50.70
20,1167,ORIENTELEC,EQ,1262287,503877,39.92
20,1168,ORIENTHOT,EQ,19487,15889,81.54
20,1169,ORIENTLTD,EQ,2212,156,7.05
20,1170,ORIENTPPR,EQ,1170569,447675,38.24
20,1171,ORIENTREF,EQ,87452,41996,48.02
20,1172,ORISSAMINE,EQ,911,911,100.00
20,1173,ORTINLABSS,EQ,51383,51383,100.00
20,1174,OSIAHYPER,SM,28800,28800,100.00
20,1175,OSWALAGRO,EQ,27621,21429,77.58
20,1176,PAEL,EQ,125,125,100.00
20,1177,PAGEIND,EQ,38725,17299,44.67
20,1178,PAISALO,EQ,2490,1005,40.36
20,1179,PALASHSECU,EQ,293,293,100.00
20,1180,PALREDTEC,EQ,1125,826,73.42
20,1181,PANACEABIO,EQ,15486,11210,72.39
20,1182,PANACHE,EQ,7151,6119,85.57
20,1183,PANAMAPET,EQ,17463,11148,63.84
20,1184,PAPERPROD,EQ,49343,40768,82.62
20,1185,PAR,SM,8000,6000,75.00
20,1186,PARACABLES,EQ,36839,28551,77.50
20,1187,PARAGMILK,EQ,654705,329106,50.27
20,1188,PARSVNATH,EQ,11542,11542,100.00
20,1189,PATELENG,EQ,1040262,654079,62.88
20,1190,PATINTLOG,EQ,6308,6264,99.30
20,1191,PDMJEPAPER,EQ,53269,34809,65.35
20,1192,PDSMFL,EQ,172,138,80.23
20,1193,PEARLPOLY,EQ,2171,1160,53.43
20,1194,PEL,EQ,3221712,465063,14.44
20,1195,PENIND,EQ,260963,248750,95.32
20,1196,PENINLAND,EQ,121959,101340,83.09
20,1197,PERSISTENT,EQ,61833,44172,71.44
20,1198,PETRONET,EQ,5009748,2473809,49.38
20,1199,PFC,EQ,11222829,3305030,29.45
20,1200,PFC,N3,211,211,100.00
20,1201,PFC,N4,340,340,100.00
20,1202,PFC,N5,53,53,100.00
20,1203,PFC,N6,100,100,100.00
20,1204,PFC,N8,302,295,97.68
20,1205,PFIZER,EQ,39895,23251,58.28
20,1206,PFOCUS,EQ,22685,11123,49.03
20,1207,PFS,EQ,1025027,580382,56.62
20,1208,PGEL,EQ,14776,13625,92.21
20,1209,PGHH,EQ,4394,2806,63.86
20,1210,PGHL,EQ,14284,10983,76.89
20,1211,PGIL,EQ,5669,5175,91.29
20,1212,PHILIPCARB,EQ,716340,312148,43.58
20,1213,PHOENIXLTD,EQ,88472,45023,50.89
20,1214,PIDILITIND,EQ,761950,269561,35.38
20,1215,PIIND,EQ,212978,181915,85.41
20,1216,PILANIINVS,EQ,2114,735,34.77
20,1217,PILITA,EQ,5393,5182,96.09
20,1218,PIONEEREMB,EQ,6895,3997,57.97
20,1219,PITTIENG,EQ,14724,9005,61.16
20,1220,PLASTIBLEN,EQ,6183,4370,70.68
20,1221,PNB,EQ,28208948,5022429,17.80
20,1222,PNBGILTS,EQ,122559,66051,53.89
20,1223,PNBHOUSING,EQ,948631,420097,44.28
20,1224,PNC,EQ,7728,7401,95.77
20,1225,PNCINFRA,EQ,71345,58522,82.03
20,1226,PODDARHOUS,EQ,1546,1147,74.19
20,1227,PODDARMENT,EQ,17086,7633,44.67
20,1228,POKARNA,EQ,27175,25630,94.31
20,1229,POLYCAB,EQ,190213,111071,58.39
20,1230,POLYMED,EQ,61356,45704,74.49
20,1231,POLYPLEX,EQ,33756,22607,66.97
20,1232,PONNIERODE,EQ,713,393,55.12
20,1233,POWERGRID,EQ,10426696,4310273,41.34
20,1234,POWERINDIA,EQ,214812,202835,94.42
20,1235,POWERMECH,EQ,32629,20203,61.92
20,1236,PPAP,EQ,211749,26589,12.56
20,1237,PPL,EQ,5707,5707,100.00
20,1238,PRABHAT,EQ,15173,6635,43.73
20,1239,PRADIP,EQ,282,282,100.00
20,1240,PRAENG,EQ,17409,16973,97.50
20,1241,PRAJIND,EQ,1108379,423228,38.18
20,1242,PRAKASH,EQ,563251,349219,62.00
20,1243,PRAXIS,EQ,12228,11858,96.97
20,1244,PRECAM,EQ,14013,11655,83.17
20,1245,PRECOT,EQ,2014,2009,99.75
20,1246,PRECWIRE,EQ,23616,17777,75.28
20,1247,PREMEXPLN,EQ,9682,7348,75.89
20,1248,PREMIERPOL,EQ,1972,1965,99.65
20,1249,PRESSMN,EQ,8112,7464,92.01
20,1250,PRESTIGE,EQ,466896,215226,46.10
20,1251,PRICOLLTD,EQ,1406749,507754,36.09
20,1252,PRIMESECU,EQ,14827,11392,76.83
20,1253,PRINCEPIPE,EQ,176269,134888,76.52
20,1254,PROSEED,EQ,56923,56923,100.00
20,1255,PROZONINTU,EQ,7526,7526,100.00
20,1256,PRSMJOHNSN,EQ,324949,193428,59.53
20,1257,PSB,EQ,557024,309337,55.53
20,1258,PSPPROJECT,EQ,14940,6917,46.30
20,1259,PSUBNKBEES,EQ,83556,59782,71.55
20,1260,PTC,EQ,551404,308788,56.00
20,1261,PTL,EQ,13408,7982,59.53
20,1262,PUNJABCHEM,EQ,2086,1219,58.44
20,1263,PURVA,EQ,547035,146271,26.74
20,1264,PVR,EQ,2215826,328619,14.83
20,1265,QGOLDHALF,EQ,1815,1183,65.18
20,1266,QNIFTY,EQ,28,28,100.00
20,1267,QUESS,EQ,1095561,923940,84.33
20,1268,QUICKHEAL,EQ,178797,98868,55.30
20,1269,RADAAN,EQ,500,500,100.00
20,1270,RADICO,EQ,1016401,266118,26.18
20,1271,RADIOCITY,EQ,230516,190549,82.66
20,1272,RAIN,EQ,1243149,448066,36.04
20,1273,RAJESHEXPO,EQ,49948,24849,49.75
20,1274,RAJTV,EQ,947,492,51.95
20,1275,RALLIS,EQ,334197,129031,38.61
20,1276,RAMANEWS,EQ,11047,8957,81.08
20,1277,RAMASTEEL,EQ,7894,5861,74.25
20,1278,RAMCOCEM,EQ,1040269,293623,28.23
20,1279,RAMCOIND,EQ,48814,23446,48.03
20,1280,RAMCOSYS,EQ,36638,26993,73.67
20,1281,RAMKY,EQ,138522,77976,56.29
20,1282,RANEENGINE,EQ,5328,2835,53.21
20,1283,RANEHOLDIN,EQ,25205,19536,77.51
20,1284,RATNAMANI,EQ,21444,13192,61.52
20,1285,RAYMOND,EQ,293821,190517,64.84
20,1286,RBL,EQ,49296,12254,24.86
20,1287,RBLBANK,EQ,35282039,6591014,18.68
20,1288,RCF,EQ,2837154,942551,33.22
20,1289,RCOM,EQ,13869619,6134305,44.23
20,1290,RECLTD,EQ,9916819,2768266,27.91
20,1291,RECLTD,N1,10,10,100.00
20,1292,RECLTD,N2,979,979,100.00
20,1293,RECLTD,N8,451,351,77.83
20,1294,RECLTD,N9,240,230,95.83
20,1295,RECLTD,NA,61,61,100.00
20,1296,RECLTD,NF,400,400,100.00
20,1297,RECLTD,NI,130,130,100.00
20,1298,REDINGTON,EQ,382977,234677,61.28
20,1299,REFEX,EQ,45097,40963,90.83
20,1300,RELAXO,EQ,147577,79057,53.57
20,1301,RELCAPITAL,EQ,9241103,4230100,45.77
20,1302,RELIABLE,SM,2400,2400,100.00
20,1303,RELIANCE,EQ,15209707,5515033,36.26
20,1304,RELIGARE,EQ,140577,113608,80.82
20,1305,RELINFRA,EQ,272800,272800,100.00
20,1306,REMSONSIND,EQ,3554,1532,43.11
20,1307,RENUKA,EQ,1441743,849379,58.91
20,1308,REPCOHOME,EQ,367028,268850,73.25
20,1309,REPRO,EQ,1494,999,66.87
20,1310,RESPONIND,EQ,94716,5749,6.07
20,1311,REVATHI,EQ,446,207,46.41
20,1312,RGL,EQ,1014,718,70.81
20,1313,RHFL,N4,2,0,0.00
20,1314,RHFL,N6,326,326,100.00
20,1315,RICOAUTO,EQ,918362,321474,35.01
20,1316,RIIL,EQ,684815,101260,14.79
20,1317,RITES,EQ,729263,186749,25.61
20,1318,RKDL,EQ,943,943,100.00
20,1319,RKFORGE,EQ,58408,47489,81.31
20,1320,RMDRIP,SM,16000,10000,62.50
20,1321,RML,EQ,64123,19219,29.97
20,1322,ROHLTD,EQ,107571,55522,51.61
20,1323,ROLLT,EQ,32066,30715,95.79
20,1324,ROLTA,EQ,13601,13601,100.00
20,1325,ROSSELLIND,EQ,2373,2154,90.77
20,1326,RPGLIFE,EQ,23251,14145,60.84
20,1327,RPOWER,EQ,1115508,1115508,100.00
20,1328,RPPINFRA,EQ,18555,12311,66.35
20,1329,RPPL,SM,1000,1000,100.00
20,1330,RSSOFTWARE,EQ,7284,6431,88.29
20,1331,RSWM,EQ,15830,11054,69.83
20,1332,RSYSTEMS,EQ,46332,33924,73.22
20,1333,RTNPOWER,EQ,1203877,752676,62.52
20,1334,RUBYMILLS,EQ,3053,2478,81.17
20,1335,RUCHIRA,EQ,51310,31767,61.91
20,1336,RUPA,EQ,30454,17434,57.25
20,1337,RUSHIL,EQ,3567,3565,99.94
20,1338,RVNL,EQ,7166862,3459560,48.27
20,1339,SABEVENTS,EQ,6000,6000,100.00
20,1340,SADBHAV,EQ,276548,276548,100.00
20,1341,SADBHIN,EQ,21462,21462,100.00
20,1342,SAFARI,EQ,4512,3510,77.79
20,1343,SAGCEM,EQ,3998,2374,59.38
20,1344,SAIL,EQ,33557532,9097238,27.11
20,1345,SAKAR,EQ,2098,591,28.17
20,1346,SAKSOFT,EQ,24312,21573,88.73
20,1347,SAKUMA,EQ,105345,80598,76.51
20,1348,SALASAR,EQ,148264,94121,63.48
20,1349,SALONA,EQ,102,101,99.02
20,1350,SALSTEEL,EQ,11340,11339,99.99
20,1351,SALZERELEC,EQ,17947,11551,64.36
20,1352,SAMBHAAV,EQ,23216,16448,70.85
20,1353,SANCO,EQ,22009,14059,63.88
20,1354,SANDESH,EQ,1137,605,53.21
20,1355,SANDHAR,EQ,23641,15750,66.62
20,1356,SANGAMIND,EQ,7997,4101,51.28
20,1357,SANGHIIND,EQ,240542,161001,66.93
20,1358,SANGHVIMOV,EQ,482,482,100.00
20,1359,SANGINITA,EQ,46167,33511,72.59
20,1360,SANOFI,EQ,119661,55852,46.68
20,1361,SANWARIA,EQ,170469,170469,100.00
20,1362,SARDAEN,EQ,57966,34513,59.54
20,1363,SAREGAMA,EQ,10634,6961,65.46
20,1364,SARLAPOLY,EQ,52908,37315,70.53
20,1365,SARVESHWAR,SM,6400,6400,100.00
20,1366,SASKEN,EQ,4875,3574,73.31
20,1367,SATIA,EQ,9628,3296,34.23
20,1368,SATIN,EQ,103031,85724,83.20
20,1369,SBICARD,EQ,6750064,3139518,46.51
20,1370,SBIETFQLTY,EQ,2034,1613,79.30
20,1371,SBILIFE,EQ,1777651,969969,54.56
20,1372,SBIN,EQ,89858053,15714285,17.49
20,1373,SBIN,N2,49,41,83.67
20,1374,SBIN,N5,763,714,93.58
20,1375,SBIN,N6,18,18,100.00
20,1376,SCHAEFFLER,EQ,15468,7981,51.60
20,1377,SCHAND,EQ,52614,38862,73.86
20,1378,SCHNEIDER,EQ,193932,53274,27.47
20,1379,SCI,EQ,3937992,1112384,28.25
20,1380,SEAMECLTD,EQ,3852,2580,66.98
20,1381,SECURCRED,SM,10200,10200,100.00
20,1382,SELAN,EQ,22190,15248,68.72
20,1383,SEPOWER,EQ,11243,7705,68.53
20,1384,SEQUENT,EQ,249641,134067,53.70
20,1385,SESHAPAPER,EQ,38576,25497,66.10
20,1386,SETCO,EQ,15591,15591,100.00
20,1387,SETF10GILT,EQ,1801,1567,87.01
20,1388,SETFGOLD,EQ,5830,3147,53.98
20,1389,SETFNIF50,EQ,725058,521488,71.92
20,1390,SETFNIFBK,EQ,276473,212215,76.76
20,1391,SETFNN50,EQ,8196,4637,56.58
20,1392,SETUINFRA,EQ,30742,30742,100.00
20,1393,SEYAIND,EQ,35919,33459,93.15
20,1394,SFL,EQ,11105,9661,87.00
20,1395,SGBAUG24,GB,1712,1698,99.18
20,1396,SGBAUG27,GB,973,636,65.36
20,1397,SGBDC27VII,GB,114,113,99.12
20,1398,SGBDEC25,GB,31,31,100.00
20,1399,SGBDEC26,GB,22,22,100.00
20,1400,SGBFEB24,GB,666,368,55.26
20,1401,SGBFEB28IX,GB,3,3,100.00
20,1402,SGBJ28VIII,GB,81,64,79.01
20,1403,SGBJAN26,GB,8,8,100.00
20,1404,SGBJAN27,GB,26,26,100.00
20,1405,SGBJUL25,GB,64,57,89.06
20,1406,SGBJUL27,GB,33,25,75.76
20,1407,SGBJUN27,GB,139,134,96.40
20,1408,SGBMAR24,GB,164,163,99.39
20,1409,SGBMAR25,GB,49,43,87.76
20,1410,SGBMAR28X,GB,37,37,100.00
20,1411,SGBMAY25,GB,265,240,90.57
20,1412,SGBMAY26,GB,155,155,100.00
20,1413,SGBNOV23,GB,132,115,87.12
20,1414,SGBNOV24,GB,538,510,94.80
20,1415,SGBNOV25,GB,6,6,100.00
20,1416,SGBNOV25IX,GB,8,4,50.00
20,1417,SGBNOV25VI,GB,38,38,100.00
20,1418,SGBNOV26,GB,1,1,100.00
20,1419,SGBOCT25,GB,273,214,78.39
20,1420,SGBOCT25IV,GB,42,41,97.62
20,1421,SGBOCT25V,GB,95,81,85.26
20,1422,SGBOCT27,GB,268,228,85.07
20,1423,SGBOCT27VI,GB,222,148,66.67
20,1424,SGBSEP24,GB,771,699,90.66
20,1425,SGBSEP27,GB,37,32,86.49
20,1426,SGL,EQ,22318,9000,40.33
20,1427,SHAHALLOYS,EQ,2147,2146,99.95
20,1428,SHAKTIPUMP,EQ,8390,8390,100.00
20,1429,SHALBY,EQ,567068,176233,31.08
20,1430,SHALPAINTS,EQ,87740,48837,55.66
20,1431,SHANKARA,EQ,104415,42403,40.61
20,1432,SHANTIGEAR,EQ,158991,67733,42.60
20,1433,SHARDACROP,EQ,35096,24187,68.92
20,1434,SHARDAMOTR,EQ,1912,1557,81.43
20,1435,SHARIABEES,EQ,79,28,35.44
20,1436,SHEMAROO,EQ,1601,1601,100.00
20,1437,SHIL,EQ,37086,21295,57.42
20,1438,SHILPAMED,EQ,122926,71419,58.10
20,1439,SHIRPUR-G,EQ,23755,20234,85.18
20,1440,SHIVAMAUTO,EQ,167458,102812,61.40
20,1441,SHIVAMILLS,EQ,12679,10240,80.76
20,1442,SHK,EQ,36767,27909,75.91
20,1443,SHOPERSTOP,EQ,23163,14753,63.69
20,1444,SHREDIGCEM,EQ,253136,108082,42.70
20,1445,SHREECEM,EQ,74780,20858,27.89
20,1446,SHREEPUSHK,EQ,14882,8437,56.69
20,1447,SHREERAMA,EQ,2500,2500,100.00
20,1448,SHRENIK,EQ,5412,5412,100.00
20,1449,SHREYANIND,EQ,134035,78981,58.93
20,1450,SHREYAS,EQ,20824,19822,95.19
20,1451,SHRIRAMCIT,EQ,35030,22072,63.01
20,1452,SHRIRAMEPC,EQ,48716,48716,100.00
20,1453,SHYAMCENT,EQ,11665,8325,71.37
20,1454,SICAGEN,EQ,7518,5103,67.88
20,1455,SICAL,EQ,4156,4156,100.00
20,1456,SIEMENS,EQ,390125,166668,42.72
20,1457,SIGIND,EQ,3881,2351,60.58
20,1458,SILINV,EQ,4214,3276,77.74
20,1459,SILLYMONKS,SM,2640,2640,100.00
20,1460,SIMBHALS,EQ,28456,17899,62.90
20,1461,SIMPLEXINF,EQ,56532,56532,100.00
20,1462,SINTERCOM,SM,2000,2000,100.00
20,1463,SINTEX,EQ,1952962,1104441,56.55
20,1464,SIRCA,EQ,4698,3688,78.50
20,1465,SIS,EQ,26623,16961,63.71
20,1466,SITINET,EQ,370951,370951,100.00
20,1467,SIYSIL,EQ,15889,12643,79.57
20,1468,SJVN,EQ,1179594,791221,67.08
20,1469,SKFINDIA,EQ,5589,3269,58.49
20,1470,SKIL,EQ,11457,7939,69.29
20,1471,SKIPPER,EQ,113903,85145,74.75
20,1472,SKMEGGPROD,EQ,19714,10852,55.05
20,1473,SMARTLINK,EQ,4955,3343,67.47
20,1474,SMLISUZU,EQ,89485,22689,25.36
20,1475,SMSLIFE,EQ,86368,33922,39.28
20,1476,SMSPHARMA,EQ,147313,100103,67.95
20,1477,SNOWMAN,EQ,609343,459433,75.40
20,1478,SOBHA,EQ,399556,390917,97.84
20,1479,SOLARA,EQ,29097,23176,79.65
20,1480,SOLARINDS,EQ,57087,55430,97.10
20,1481,SOMANYCERA,EQ,35447,23293,65.71
20,1482,SOMATEX,EQ,1076,1076,100.00
20,1483,SOMICONVEY,EQ,5200,3195,61.44
20,1484,SONATSOFTW,EQ,156659,85015,54.27
20,1485,SORILINFRA,EQ,4560,2238,49.08
20,1486,SOTL,EQ,578,274,47.40
20,1487,SOUTHBANK,EQ,17329753,9389085,54.18
20,1488,SOUTHWEST,EQ,624,99,15.87
20,1489,SPAL,EQ,23883,23802,99.66
20,1490,SPANDANA,EQ,46864,30208,64.46
20,1491,SPARC,EQ,601944,205988,34.22
20,1492,SPCENET,EQ,1460,1460,100.00
20,1493,SPECIALITY,EQ,95276,79906,83.87
20,1494,SPENCERS,EQ,994452,395326,39.75
20,1495,SPIC,EQ,84458,57611,68.21
20,1496,SPICEJET,EQ,3303050,1870746,56.64
20,1497,SPLIL,EQ,34640,20533,59.28
20,1498,SPMLINFRA,EQ,16877,16871,99.96
20,1499,SREEL,EQ,4525,3218,71.12
20,1500,SREIBNPNCD,N8,2,2,100.00
20,1501,SREIBNPNCD,NJ,50,50,100.00
20,1502,SREIBNPNCD,NL,2,2,100.00
20,1503,SREIBNPNCD,NO,50,50,100.00
20,1504,SREIBNPNCD,NR,10,10,100.00
20,1505,SREIBNPNCD,NT,24,24,100.00
20,1506,SREIBNPNCD,NU,8,8,100.00
20,1507,SREIBNPNCD,NZ,30,30,100.00
20,1508,SREIBNPNCD,Y1,27,26,96.30
20,1509,SREINFRA,EQ,2331701,1584687,67.96
20,1510,SRF,EQ,322558,141125,43.75
20,1511,SRHHYPOLTD,EQ,1961,1481,75.52
20,1512,SRIPIPES,EQ,70444,45179,64.13
20,1513,SRTRANSFIN,EQ,4459547,726026,16.28
20,1514,SRTRANSFIN,Y3,1043,1000,95.88
20,1515,SRTRANSFIN,Y6,27,27,100.00
20,1516,SRTRANSFIN,Y9,230,207,90.00
20,1517,SRTRANSFIN,YB,226,188,83.19
20,1518,SRTRANSFIN,YG,46,46,100.00
20,1519,SRTRANSFIN,YI,117,117,100.00
20,1520,SRTRANSFIN,YJ,783,683,87.23
20,1521,SRTRANSFIN,YK,164,164,100.00
20,1522,SRTRANSFIN,YL,551,551,100.00
20,1523,SRTRANSFIN,YM,10,10,100.00
20,1524,SRTRANSFIN,YN,180,170,94.44
20,1525,SRTRANSFIN,YQ,719,509,70.79
20,1526,SRTRANSFIN,YR,122,122,100.00
20,1527,SRTRANSFIN,YS,179,179,100.00
20,1528,SRTRANSFIN,YW,168,121,72.02
20,1529,SRTRANSFIN,YX,51,51,100.00
20,1530,SRTRANSFIN,YY,51,51,100.00
20,1531,SRTRANSFIN,YZ,29,25,86.21
20,1532,SRTRANSFIN,Z1,406,406,100.00
20,1533,SRTRANSFIN,Z2,60,60,100.00
20,1534,SRTRANSFIN,Z4,114,114,100.00
20,1535,SRTRANSFIN,ZA,16,16,100.00
20,1536,SRTRANSFIN,ZD,1,1,100.00
20,1537,SRTRANSFIN,ZE,13,13,100.00
20,1538,S&SPOWER,EQ,1920,1920,100.00
20,1539,SSWL,EQ,14221,6200,43.60
20,1540,STAMPEDE,EQ,192311,191311,99.48
20,1541,STAN,DR,6085,5190,85.29
20,1542,STAR,EQ,414058,135172,32.65
20,1543,STARCEMENT,EQ,11240482,194624,1.73
20,1544,STARPAPER,EQ,216777,94409,43.55
20,1545,STCINDIA,EQ,34965,18390,52.60
20,1546,STEELCITY,EQ,3718,3604,96.93
20,1547,STEELXIND,EQ,7853,7384,94.03
20,1548,STEL,EQ,19485,15388,78.97
20,1549,STERTOOLS,EQ,18408,12495,67.88
20,1550,STINDIA,EQ,168,168,100.00
20,1551,STRTECH,EQ,1724612,747868,43.36
20,1552,SUBEX,EQ,524236,374601,71.46
20,1553,SUBROS,EQ,390989,103255,26.41
20,1554,SUDARSCHEM,EQ,346501,150919,43.56
20,1555,SUMEETINDS,EQ,117199,93277,79.59
20,1556,SUMICHEM,EQ,1185530,219408,18.51
20,1557,SUMMITSEC,EQ,2469,1793,72.62
20,1558,SUNCLAYLTD,EQ,1804,1250,69.29
20,1559,SUNDARAM,EQ,195146,123359,63.21
20,1560,SUNDARMFIN,EQ,104576,65707,62.83
20,1561,SUNDARMHLD,EQ,45607,34287,75.18
20,1562,SUNDRMBRAK,EQ,22821,14634,64.13
20,1563,SUNDRMFAST,EQ,796270,215727,27.09
20,1564,SUNFLAG,EQ,301508,123404,40.93
20,1565,SUNPHARMA,EQ,19774595,3289940,16.64
20,1566,SUNTECK,EQ,346222,113622,32.82
20,1567,SUNTV,EQ,1601043,180479,11.27
20,1568,SUPERHOUSE,EQ,9067,6095,67.22
20,1569,SUPERSPIN,EQ,5414,5414,100.00
20,1570,SUPPETRO,EQ,12204,6641,54.42
20,1571,SUPRAJIT,EQ,223861,154302,68.93
20,1572,SUPREMEIND,EQ,53801,30686,57.04
20,1573,SURANASOL,EQ,21167,16596,78.41
20,1574,SURANAT&P,EQ,1871,1871,100.00
20,1575,SURYALAXMI,EQ,4952,3788,76.49
20,1576,SURYAROSNI,EQ,57338,48010,83.73
20,1577,SUTLEJTEX,EQ,12467,9264,74.31
20,1578,SUULD,SM,8000,8000,100.00
20,1579,SUVEN,EQ,41243,41243,100.00
20,1580,SUVENPHAR,EQ,84585,55016,65.04
20,1581,SUZLON,EQ,2826461,2826461,100.00
20,1582,SWANENERGY,EQ,212149,37847,17.84
20,1583,SWARAJENG,EQ,4232,2458,58.08
20,1584,SWELECTES,EQ,12913,8927,69.13
20,1585,SWSOLAR,EQ,43097,43097,100.00
20,1586,SYMPHONY,EQ,198003,99216,50.11
20,1587,SYNGENE,EQ,168474,94920,56.34
20,1588,TAINWALCHM,EQ,5218,3974,76.16
20,1589,TAJGVK,EQ,30819,13218,42.89
20,1590,TAKE,EQ,10019,10019,100.00
20,1591,TALBROAUTO,EQ,28875,18371,63.62
20,1592,TANLA,EQ,220109,161072,73.18
20,1593,TARMAT,EQ,21434,15600,72.78
20,1594,TASTYBITE,EQ,2003,1279,63.85
20,1595,TATACAPHSG,N2,87,87,100.00
20,1596,TATACAPHSG,N4,115,115,100.00
20,1597,TATACAPHSG,N6,45,45,100.00
20,1598,TATACAPHSG,N8,400,400,100.00
20,1599,TATACAPHSG,NB,806,806,100.00
20,1600,TATACHEM,EQ,2680851,849691,31.69
20,1601,TATACOFFEE,EQ,345239,121704,35.25
20,1602,TATACOMM,EQ,137914,74289,53.87
20,1603,TATACONSUM,EQ,4845929,2713019,55.99
20,1604,TATAELXSI,EQ,416692,144585,34.70
20,1605,TATAINVEST,EQ,9362,5989,63.97
20,1606,TATAMETALI,EQ,26036,16189,62.18
20,1607,TATAMOTORS,EQ,58336227,9584419,16.43
20,1608,TATAMTRDVR,EQ,5985022,2848099,47.59
20,1609,TATAPOWER,EQ,11838672,4790867,40.47
20,1610,TATASTEEL,E1,46580,31379,67.37
20,1611,TATASTEEL,EQ,17492884,2467218,14.10
20,1612,TATASTLBSL,EQ,1881347,951566,50.58
20,1613,TATASTLLP,EQ,67659,39405,58.24
20,1614,TBZ,EQ,61361,39015,63.58
20,1615,TCFSL,NB,2532,2422,95.66
20,1616,TCFSL,ND,1196,1036,86.62
20,1617,TCFSL,NH,363,363,100.00
20,1618,TCFSL,NJ,100,100,100.00
20,1619,TCFSL,NL,95,85,89.47
20,1620,TCI,EQ,66641,39387,59.10
20,1621,TCIDEVELOP,EQ,772,367,47.54
20,1622,TCIEXP,EQ,79282,44431,56.04
20,1623,TCIFINANCE,EQ,10640,7864,73.91
20,1624,TCNSBRANDS,EQ,5858,3399,58.02
20,1625,TCPLPACK,EQ,5870,4967,84.62
20,1626,TCS,EQ,9895825,3217550,32.51
20,1627,TDPOWERSYS,EQ,18771,10656,56.77
20,1628,TEAMLEASE,EQ,14675,9407,64.10
20,1629,TECHIN,EQ,2659,2659,100.00
20,1630,TECHM,EQ,10839905,5804693,53.55
20,1631,TECHNOE,EQ,24009,5133,21.38
20,1632,TECHNOFAB,EQ,14043,13990,99.62
20,1633,TEJASNET,EQ,125577,89577,71.33
20,1634,TERASOFT,EQ,26901,21805,81.06
20,1635,TEXINFRA,EQ,41738,34017,81.50
20,1636,TEXMOPIPES,EQ,22156,14859,67.07
20,1637,TEXRAIL,EQ,370759,186035,50.18
20,1638,TFCILTD,EQ,114712,80162,69.88
20,1639,TFL,EQ,3500,3500,100.00
20,1640,TGBHOTELS,EQ,3505,3505,100.00
20,1641,THANGAMAYL,EQ,4269,3803,89.08
20,1642,THEINVEST,EQ,5093,5082,99.78
20,1643,THEJO,SM,600,600,100.00
20,1644,THEMISMED,EQ,2609,1645,63.05
20,1645,THERMAX,EQ,40295,22394,55.58
20,1646,THOMASCOOK,EQ,321097,280541,87.37
20,1647,THYROCARE,EQ,265741,177452,66.78
20,1648,TI,EQ,101388,73706,72.70
20,1649,TIDEWATER,EQ,2213,1370,61.91
20,1650,TIIL,EQ,3875,3399,87.72
20,1651,TIINDIA,EQ,54651,38546,70.53
20,1652,TIJARIA,EQ,14847,14353,96.67
20,1653,TIL,EQ,15081,7137,47.32
20,1654,TIMESGTY,EQ,511,510,99.80
20,1655,TIMETECHNO,EQ,567272,197085,34.74
20,1656,TIMKEN,EQ,6530,3469,53.12
20,1657,TINPLATE,EQ,228983,116964,51.08
20,1658,TIPSINDLTD,EQ,6682,5756,86.14
20,1659,TIRUMALCHM,EQ,420596,205889,48.95
20,1660,TITAN,EQ,5761685,1022020,17.74
20,1661,TMRVL,EQ,10064,10064,100.00
20,1662,TNPETRO,EQ,88685,41896,47.24
20,1663,TNPL,EQ,331905,181091,54.56
20,1664,TOKYOPLAST,EQ,1987,1335,67.19
20,1665,TORNTPHARM,EQ,1219315,574718,47.13
20,1666,TORNTPOWER,EQ,2515170,448645,17.84
20,1667,TOTAL,SM,3000,3000,100.00
20,1668,TOUCHWOOD,EQ,5735,859,14.98
20,1669,TPLPLASTEH,EQ,1535,995,64.82
20,1670,TRANSWIND,SM,4000,4000,100.00
20,1671,TREEHOUSE,EQ,13741,13044,94.93
20,1672,TRENT,EQ,1153768,615933,53.38
20,1673,TRF,EQ,88935,46856,52.69
20,1674,TRIDENT,EQ,10236322,4848249,47.36
20,1675,TRIGYN,EQ,19384,15092,77.86
20,1676,TRIL,EQ,174043,93064,53.47
20,1677,TRITURBINE,EQ,15350,10701,69.71
20,1678,TRIVENI,EQ,510597,359273,70.36
20,1679,TTKHLTCARE,EQ,2473,1337,54.06
20,1680,TTKPRESTIG,EQ,12056,9086,75.36
20,1681,TTL,EQ,3509,2201,62.72
20,1682,TV18BRDCST,EQ,2772995,1532800,55.28
20,1683,TVSELECT,EQ,115123,66591,57.84
20,1684,TVSMOTOR,EQ,9091683,1772092,19.49
20,1685,TVSSRICHAK,EQ,7182,4121,57.38
20,1686,TVTODAY,EQ,20749,14332,69.07
20,1687,TWL,EQ,176891,124344,70.29
20,1688,UBL,EQ,472370,228475,48.37
20,1689,UBSG1GPD,MF,213,213,100.00
20,1690,UCALFUEL,EQ,41618,24421,58.68
20,1691,UCOBANK,EQ,1247637,610661,48.95
20,1692,UFLEX,EQ,31561,17830,56.49
20,1693,UFO,EQ,1073794,328317,30.58
20,1694,UGARSUGAR,EQ,195331,156804,80.28
20,1695,UJAAS,EQ,61454,61454,100.00
20,1696,UJJIVAN,EQ,10563756,792425,7.50
20,1697,UJJIVANSFB,EQ,2719054,1411786,51.92
20,1698,ULTRACEMCO,EQ,775287,363563,46.89
20,1699,UMANGDAIRY,EQ,6796,4795,70.56
20,1700,UNICHEMLAB,EQ,30035,14427,48.03
20,1701,UNIENTER,EQ,841,787,93.58
20,1702,UNIINFO,SM,14000,2000,14.29
20,1703,UNIONBANK,EQ,4092766,1805788,44.12
20,1704,UNIPLY,EQ,21008,21008,100.00
20,1705,UNITEDTEA,EQ,1051,435,41.39
20,1706,UNIVASTU,SM,3000,3000,100.00
20,1707,UNIVCABLES,EQ,45803,20573,44.92
20,1708,UNIVPHOTO,EQ,1566,1474,94.13
20,1709,UPL,EQ,5328293,1813732,34.04
20,1710,URJA,EQ,324855,324855,100.00
20,1711,USHAMART,EQ,46694,46361,99.29
20,1712,UTIFEFRDP4,MF,5000,5000,100.00
20,1713,UTIFEFRGR5,MF,4500,4500,100.00
20,1714,UTINEXT50,EQ,1800,1475,81.94
20,1715,UTINIFTETF,EQ,1415,1310,92.58
20,1716,UTISENSETF,EQ,8994,5299,58.92
20,1717,UTISXN50,EQ,74,46,62.16
20,1718,UTTAMSUGAR,EQ,48051,21482,44.71
20,1719,V2RETAIL,EQ,72328,56917,78.69
20,1720,VADILALIND,EQ,2685,2079,77.43
20,1721,VAIBHAVGBL,EQ,15953,11219,70.33
20,1722,VAISHALI,EQ,43357,12923,29.81
20,1723,VAKRANGEE,EQ,8961622,4395372,49.05
20,1724,VARDHACRLC,EQ,20191,19408,96.12
20,1725,VARROC,EQ,740974,501300,67.65
20,1726,VASCONEQ,EQ,162012,116410,71.85
20,1727,VASWANI,EQ,56,56,100.00
20,1728,VBL,EQ,264953,128098,48.35
20,1729,VEDL,EQ,30176554,6274761,20.79
20,1730,VENKEYS,EQ,4544,4544,100.00
20,1731,VENUSREM,EQ,19104,19094,99.95
20,1732,VERTOZ,SM,21600,7200,33.33
20,1733,VESUVIUS,EQ,591,431,72.93
20,1734,VETO,EQ,12939,8647,66.83
20,1735,VGUARD,EQ,357023,154921,43.39
20,1736,VHL,EQ,518,281,54.25
20,1737,VIDHIING,EQ,30955,22708,73.36
20,1738,VIJIFIN,EQ,368519,284438,77.18
20,1739,VIKASECO,EQ,22919,22919,100.00
20,1740,VIKASMCORP,EQ,243437,237287,97.47
20,1741,VIKASPROP,EQ,67574,67574,100.00
20,1742,VIKASWSP,EQ,261587,233130,89.12
20,1743,VIMTALABS,EQ,53284,33517,62.90
20,1744,VINATIORGA,EQ,60044,29020,48.33
20,1745,VINDHYATEL,EQ,47386,33789,71.31
20,1746,VINYLINDIA,EQ,33185,15132,45.60
20,1747,VIPCLOTHNG,EQ,11747,11747,100.00
20,1748,VIPIND,EQ,301043,139975,46.50
20,1749,VIPULLTD,EQ,4630,2522,54.47
20,1750,VISAKAIND,EQ,94833,63405,66.86
20,1751,VISASTEEL,EQ,63811,34205,53.60
20,1752,VISHNU,EQ,36506,15571,42.65
20,1753,VISHWARAJ,EQ,5468,1518,27.76
20,1754,VIVIDHA,EQ,42758,30758,71.94
20,1755,VIVIMEDLAB,EQ,127793,116048,90.81
20,1756,VLSFINANCE,EQ,34457,12692,36.83
20,1757,VMART,EQ,23344,8150,34.91
20,1758,VOLTAMP,EQ,8157,4024,49.33
20,1759,VOLTAS,EQ,3034515,646574,21.31
20,1760,VRLLOG,EQ,117508,60154,51.19
20,1761,VSSL,EQ,11990,7531,62.81
20,1762,VSTIND,EQ,18487,6383,34.53
20,1763,VSTTILLERS,EQ,35282,13114,37.17
20,1764,VTL,EQ,32278,26458,81.97
20,1765,WABAG,EQ,12567,12567,100.00
20,1766,WABCOINDIA,EQ,12600,11307,89.74
20,1767,WALCHANNAG,EQ,1243284,286436,23.04
20,1768,WATERBASE,EQ,189809,75450,39.75
20,1769,WEALTH,SM,3000,3000,100.00
20,1770,WEBELSOLAR,EQ,55124,37379,67.81
20,1771,WEIZMANIND,EQ,6242,6242,100.00
20,1772,WELCORP,EQ,1571920,1042194,66.30
20,1773,WELENT,EQ,126734,53509,42.22
20,1774,WELINV,EQ,5,5,100.00
20,1775,WELSPUNIND,EQ,1688580,1086624,64.35
20,1776,WENDT,EQ,68,51,75.00
20,1777,WESTLIFE,EQ,812982,740567,91.09
20,1778,WHEELS,EQ,66323,13953,21.04
20,1779,WHIRLPOOL,EQ,222052,80738,36.36
20,1780,WILLAMAGOR,EQ,5573,5573,100.00
20,1781,WIPRO,EQ,6606453,2210202,33.46
20,1782,WOCKPHARMA,EQ,453837,197735,43.57
20,1783,WONDERLA,EQ,277443,134036,48.31
20,1784,WSTCSTPAPR,EQ,91009,53634,58.93
20,1785,XCHANGING,EQ,9813,8990,91.61
20,1786,XELPMOC,EQ,3926,3290,83.80
20,1787,XPROINDIA,EQ,4217,3202,75.93
20,1788,YESBANK,EQ,26605391,8780847,33.00
20,1789,ZEEL,EQ,15287491,2882714,18.86
20,1790,ZEEL,P2,711853,711849,100.00
20,1791,ZEELEARN,EQ,397030,234719,59.12
20,1792,ZENITHEXPO,EQ,835,447,53.53
20,1793,ZENSARTECH,EQ,1141771,1130278,98.99
20,1794,ZENTEC,EQ,357246,234593,65.67
20,1795,ZICOM,EQ,20101,20101,100.00
20,1796,ZODIAC,SM,6000,6000,100.00
20,1797,ZODIACLOTH,EQ,5034,2486,49.38
20,1798,ZODJRDMKJ,EQ,717,699,97.49
20,1799,ZOTA,EQ,2867,1901,66.31
20,1800,ZUARI,EQ,75618,37233,49.24
20,1801,ZUARIGLOB,EQ,94716,60827,64.22
20,1802,ZYDUSWELL,EQ,34572,18005,52.08
